27 13 2003 2036 2061 1961 2086 2048 1964 1977 5 5 222 222 
27 14 1971 2012 2044 2053 1954 2059 2040 2075 5 5 222 222 
27 15 1916 1936 1995 2028 2067 1962 2033 2151 5 5 222 222 
27 16 1952 1930 1915 1979 2020 2058 1960 2038 5 5 222 222 
27 17 2057 1954 1940 1914 1968 2020 2044 2080 5 5 222 222 
27 18 2040 2140 2017 1996 1957 1985 2024 2064 5 5 222 222 
27 19 2066 2023 2122 2009 1998 1949 1974 2038 5 5 222 222 
27 20 2054 1956 2043 2139 2043 2027 1966 1989 5 5 222 222 
27 21 2032 2067 1974 2043 2140 2053 1946 1934 5 5 222 222 
27 22 1976 2030 2057 1952 2004 2128 2060 1962 5 5 222 222 
27 23 1968 2024 2054 1964 2019 2036 2132 2080 5 5 222 222 
27 24 1936 1906 1957 1994 2021 2057 1958 2064 5 5 222 222 
27 25 2043 2032 1973 1985 2043 2057 1960 2010 5 5 222 222 
27 26 2042 2091 1973 1938 1954 2017 2044 2082 5 5 222 222 
27 27 2012 2132 2064 1954 1922 1917 1976 2037 5 5 222 222 
27 28 2055 1966 2083 2040 2074 1910 1892 1968 5 5 222 222 
27 29 2056 1952 1996 2096 2058 1966 1956 1931 5 5 222 222 
27 30 1994 2042 2064 1968 2083 2050 1968 1992 5 5 222 222 
27 31 1978 2028 2056 1954 1989 2081 2060 1988 5 5 222 222 
27 32 1994 1978 2035 2051 1958 2006 2064 2052 5 5 222 222 
27 33 1964 1952 1928 1984 2039 2054 1954 2026 5 5 222 222 
27 34 2056 1953 1941 1899 1952 2013 2040 2075 5 5 222 222 
27 35 2096 2060 1959 1953 1930 1959 2005 2052 5 5 222 222 
27 36 1954 2068 2052 1960 1960 1925 1956 2005 5 5 222 222 
27 37 2072 1962 2053 2029 2059 1933 1892 1923 5 5 222 222 
27 38 2064 1969 2009 2076 2059 1979 1992 1957 5 5 222 222 
27 39 1986 2013 2045 2065 2000 2141 2060 1952 5 5 222 222 
