27 0 41 46 51 56 61 66 71 76 2107 2112 214 235
27 1 3169 3174 3179 3184 3189 3194 3199 3204 3454 3459 3 33
27 2 2962 2967 2972 2977 2982 2987 2992 2997 4014 4019 95 95
27 3 3281 3286 3291 3296 3301 3306 3311 3316 467 472 16 236
27 4 2995 3000 3005 3010 3015 3020 3025 3030 3762 3767 237 81
27 5 391 396 401 406 411 416 421 426 2334 2339 77 153
27 6 292 297 302 307 312 317 322 327 112 117 81 101
27 7 3718 3723 3728 3733 3738 3743 3748 3753 3535 3540 92 51
27 8 2771 2776 2781 2786 2791 2796 2801 2806 3358 3363 84 22
27 9 1667 1672 1677 1682 1687 1692 1697 1702 1759 1764 205 204
27 10 703 708 713 718 723 728 733 738 3361 3366 212 243
27 11 1673 1678 1683 1688 1693 1698 1703 1708 574 579 96 61
27 12 253 258 263 268 273 278 283 288 2778 2783 47 104
27 13 662 667 672 677 682 687 692 697 37 42 147 109
27 14 723 728 733 738 743 748 753 758 1561 1566 244 13
27 15 316 321 326 331 336 341 346 351 3035 3040 5 57
27 16 288 293 298 303 308 313 318 323 1476 1481 115 17
27 17 3264 3269 3274 3279 3284 3289 3294 3299 2198 2203 161 90
27 18 3890 3895 3900 3905 3910 3915 3920 3925 2639 2644 145 50
27 19 3006 3011 3016 3021 3026 3031 3036 3041 2471 2476 168 233
27 20 3629 3634 3639 3644 3649 3654 3659 3664 353 358 114 64
27 21 2756 2761 2766 2771 2776 2781 2786 2791 3660 3665 121 236
27 22 1931 1936 1941 1946 1951 1956 1961 1966 1768 1773 114 54
27 23 626 631 636 641 646 651 656 661 3143 3148 182 118
27 24 118 123 128 133 138 143 148 153 2082 2087 234 221
27 25 833 838 843 848 853 858 863 868 2485 2490 49 78
27 26 2704 2709 2714 2719 2724 2729 2734 2739 1750 1755 207 11
27 27 3673 3678 3683 3688 3693 3698 3703 3708 1936 1941 176 185
27 28 2924 2929 2934 2939 2944 2949 2954 2959 2712 2717 150 219
27 29 2777 2782 2787 2792 2797 2802 2807 2812 3303 3308 252 192
27 30 3986 3991 3996 4001 4006 4011 4016 4021 1020 1025 236 21
27 31 2355 2360 2365 2370 2375 2380 2385 2390 227 232 195 19
27 32 31 36 41 46 51 56 61 66 3872 3877 65 130
27 33 941 946 951 956 961 966 971 976 1274 1279 196 115
27 34 3107 3112 3117 3122 3127 3132 3137 3142 1561 1566 157 117
27 35 3457 3462 3467 3472 3477 3482 3487 3492 17 22 213 183
27 36 2945 2950 2955 2960 2965 2970 2975 2980 729 734 79 68
27 37 221 226 231 236 241 246 251 256 2228 2233 47 211
27 38 3506 3511 3516 3521 3526 3531 3536 3541 760 765 93 98
27 39 900 905 910 915 920 925 930 935 3961 3966 147 125
27 40 1410 1415 1420 1425 1430 1435 1440 1445 2269 2274 84 137
27 41 1548 1553 1558 1563 1568 1573 1578 1583 2393 2398 55 216
27 42 3602 3607 3612 3617 3622 3627 3632 3637 3900 3905 91 236
27 43 1374 1379 1384 1389 1394 1399 1404 1409 2840 2845 6 51
27 44 3348 3353 3358 3363 3368 3373 3378 3383 2749 2754 33 4
27 45 281 286 291 296 301 306 311 316 644 649 53 214
27 46 2418 2423 2428 2433 2438 2443 2448 2453 3398 3403 15 218
27 47 2127 2132 2137 2142 2147 2152 2157 2162 467 472 158 103
27 48 648 653 658 663 668 673 678 683 2033 2038 212 126
27 49 2310 2315 2320 2325 2330 2335 2340 2345 2527 2532 118 79
27 50 2309 2314 2319 2324 2329 2334 2339 2344 3526 3531 65 111
27 51 600 605 610 615 620 625 630 635 1159 1164 199 191
27 52 2798 2803 2808 2813 2818 2823 2828 2833 1673 1678 104 43
27 53 1844 1849 1854 1859 1864 1869 1874 1879 3979 3984 199 62
27 54 3195 3200 3205 3210 3215 3220 3225 3230 35 40 33 63
27 55 2523 2528 2533 2538 2543 2548 2553 2558 1587 1592 244 68
27 56 3448 3453 3458 3463 3468 3473 3478 3483 660 665 198 243
27 57 580 585 590 595 600 605 610 615 3436 3441 8 236
27 58 3589 3594 3599 3604 3609 3614 3619 3624 348 353 214 127
27 59 472 477 482 487 492 497 502 507 3172 3177 178 52
27 60 2038 2043 2048 2053 2058 2063 2068 2073 3729 3734 85 77
27 61 3958 3963 3968 3973 3978 3983 3988 3993 2101 2106 180 193
27 62 3156 3161 3166 3171 3176 3181 3186 3191 3331 3336 137 84
27 63 272 277 282 287 292 297 302 307 3695 3700 183 206
27 64 2362 2367 2372 2377 2382 2387 2392 2397 796 801 5 128
27 65 1869 1874 1879 1884 1889 1894 1899 1904 3782 3787 129 141
27 66 1881 1886 1891 1896 1901 1906 1911 1916 3368 3373 122 36
27 67 2021 2026 2031 2036 2041 2046 2051 2056 1609 1614 242 171
27 68 3892 3897 3902 3907 3912 3917 3922 3927 3939 3944 230 2
27 69 2600 2605 2610 2615 2620 2625 2630 2635 2510 2515 93 94
27 70 1861 1866 1871 1876 1881 1886 1891 1896 2418 2423 141 99
27 71 3255 3260 3265 3270 3275 3280 3285 3290 63 68 157 130
27 72 182 187 192 197 202 207 212 217 2105 2110 58 61
27 73 617 622 627 632 637 642 647 652 3307 3312 142 77
27 74 169 174 179 184 189 194 199 204 2154 2159 221 104
27 75 3976 3981 3986 3991 3996 4001 4006 4011 2699 2704 73 132
27 76 1425 1430 1435 1440 1445 1450 1455 1460 2375 2380 119 229
27 77 3441 3446 3451 3456 3461 3466 3471 3476 1332 1337 55 210
27 78 1718 1723 1728 1733 1738 1743 1748 1753 3753 3758 74 183
27 79 279 284 289 294 299 304 309 314 1456 1461 112 34
27 80 2549 2554 2559 2564 2569 2574 2579 2584 1077 1082 231 199
27 81 193 198 203 208 213 218 223 228 2745 2750 237 16
27 82 286 291 296 301 306 311 316 321 3835 3840 8 217
27 83 455 460 465 470 475 480 485 490 1194 1199 9 226
27 84 3316 3321 3326 3331 3336 3341 3346 3351 221 226 176 23
27 85 313 318 323 328 333 338 343 348 3905 3910 75 163
27 86 912 917 922 927 932 937 942 947 2628 2633 47 35
27 87 313 318 323 328 333 338 343 348 3216 3221 16 178
27 88 3646 3651 3656 3661 3666 3671 3676 3681 3442 3447 226 64
27 89 3196 3201 3206 3211 3216 3221 3226 3231 3862 3867 244 121
27 90 1535 1540 1545 1550 1555 1560 1565 1570 0 5 208 11
27 91 44 49 54 59 64 69 74 79 1209 1214 27 174
27 92 1253 1258 1263 1268 1273 1278 1283 1288 3664 3669 144 185
27 93 745 750 755 760 765 770 775 780 199 204 181 153
27 94 474 479 484 489 494 499 504 509 3482 3487 128 248
27 95 2787 2792 2797 2802 2807 2812 2817 2822 1725 1730 108 251
27 96 2202 2207 2212 2217 2222 2227 2232 2237 3625 3630 212 79
27 97 1314 1319 1324 1329 1334 1339 1344 1349 1284 1289 9 119
27 98 372 377 382 387 392 397 402 407 3799 3804 103 20
27 99 3487 3492 3497 3502 3507 3512 3517 3522 3757 3762 123 17
27 100 1773 1778 1783 1788 1793 1798 1803 1808 3640 3645 233 118
27 101 1192 1197 1202 1207 1212 1217 1222 1227 1715 1720 42 65
27 102 1213 1218 1223 1228 1233 1238 1243 1248 3537 3542 212 19
27 103 2527 2532 2537 2542 2547 2552 2557 2562 2625 2630 13 139
27 104 3023 3028 3033 3038 3043 3048 3053 3058 1342 1347 56 156
27 105 3003 3008 3013 3018 3023 3028 3033 3038 2892 2897 165 53
27 106 2725 2730 2735 2740 2745 2750 2755 2760 761 766 77 142
27 107 1222 1227 1232 1237 1242 1247 1252 1257 2656 2661 59 250
27 108 3187 3192 3197 3202 3207 3212 3217 3222 180 185 228 119
27 109 2270 2275 2280 2285 2290 2295 2300 2305 540 545 235 233
27 110 3711 3716 3721 3726 3731 3736 3741 3746 1220 1225 26 77
27 111 3285 3290 3295 3300 3305 3310 3315 3320 280 285 140 179
27 112 2695 2700 2705 2710 2715 2720 2725 2730 1174 1179 224 85
27 113 2576 2581 2586 2591 2596 2601 2606 2611 1244 1249 218 37
27 114 1371 1376 1381 1386 1391 1396 1401 1406 2016 2021 88 153
27 115 3851 3856 3861 3866 3871 3876 3881 3886 944 949 253 159
27 116 1119 1124 1129 1134 1139 1144 1149 1154 2702 2707 250 237
27 117 3060 3065 3070 3075 3080 3085 3090 3095 1926 1931 85 167
27 118 170 175 180 185 190 195 200 205 3955 3960 141 137
27 119 43 48 53 58 63 68 73 78 2308 2313 24 9
27 120 3882 3887 3892 3897 3902 3907 3912 3917 726 731 240 172
27 121 1577 1582 1587 1592 1597 1602 1607 1612 2204 2209 75 127
27 122 1629 1634 1639 1644 1649 1654 1659 1664 3298 3303 178 215
27 123 2902 2907 2912 2917 2922 2927 2932 2937 2692 2697 123 116
27 124 3737 3742 3747 3752 3757 3762 3767 3772 991 996 250 140
27 125 1264 1269 1274 1279 1284 1289 1294 1299 80 85 82 211
27 126 1030 1035 1040 1045 1050 1055 1060 1065 3966 3971 196 171
27 127 2411 2416 2421 2426 2431 2436 2441 2446 1007 1012 243 100
27 128 1790 1795 1800 1805 1810 1815 1820 1825 2654 2659 98 88
27 129 940 945 950 955 960 965 970 975 401 406 47 59
27 130 2900 2905 2910 2915 2920 2925 2930 2935 1353 1358 88 238
27 131 365 370 375 380 385 390 395 400 737 742 2 180
27 132 2058 2063 2068 2073 2078 2083 2088 2093 2349 2354 8 10
27 133 3357 3362 3367 3372 3377 3382 3387 3392 2324 2329 102 8
27 134 1113 1118 1123 1128 1133 1138 1143 1148 2617 2622 166 155
27 135 2460 2465 2470 2475 2480 2485 2490 2495 1978 1983 243 99
27 136 3405 3410 3415 3420 3425 3430 3435 3440 2450 2455 1 144
27 137 835 840 845 850 855 860 865 870 3726 3731 207 25
27 138 2823 2828 2833 2838 2843 2848 2853 2858 2215 2220 156 11
27 139 1626 1631 1636 1641 1646 1651 1656 1661 1177 1182 111 97
27 140 1337 1342 1347 1352 1357 1362 1367 1372 2821 2826 154 36
27 141 896 901 906 911 916 921 926 931 752 757 37 167
27 142 717 722 727 732 737 742 747 752 2336 2341 110 71
27 143 423 428 433 438 443 448 453 458 3679 3684 4 230
27 144 2559 2564 2569 2574 2579 2584 2589 2594 752 757 111 20
27 145 53 58 63 68 73 78 83 88 602 607 14 154
27 146 2654 2659 2664 2669 2674 2679 2684 2689 612 617 37 89
27 147 2532 2537 2542 2547 2552 2557 2562 2567 2963 2968 57 188
27 148 911 916 921 926 931 936 941 946 3455 3460 122 153
27 149 675 680 685 690 695 700 705 710 668 673 183 212
27 150 3754 3759 3764 3769 3774 3779 3784 3789 2421 2426 46 30
27 151 1459 1464 1469 1474 1479 1484 1489 1494 1465 1470 161 20
27 152 1626 1631 1636 1641 1646 1651 1656 1661 3304 3309 160 163
27 153 3850 3855 3860 3865 3870 3875 3880 3885 1038 1043 94 6
27 154 193 198 203 208 213 218 223 228 464 469 107 14
27 155 1556 1561 1566 1571 1576 1581 1586 1591 1993 1998 231 205
27 156 2962 2967 2972 2977 2982 2987 2992 2997 2368 2373 71 45
27 157 2413 2418 2423 2428 2433 2438 2443 2448 281 286 220 120
27 158 1142 1147 1152 1157 1162 1167 1172 1177 3282 3287 71 22
27 159 424 429 434 439 444 449 454 459 4048 4053 222 83
27 160 296 301 306 311 316 321 326 331 403 408 95 133
27 161 875 880 885 890 895 900 905 910 3712 3717 68 100
27 162 1017 1022 1027 1032 1037 1042 1047 1052 2662 2667 62 95
27 163 1169 1174 1179 1184 1189 1194 1199 1204 3381 3386 150 223
27 164 685 690 695 700 705 710 715 720 2730 2735 117 39
27 165 1990 1995 2000 2005 2010 2015 2020 2025 2875 2880 228 189
27 166 2651 2656 2661 2666 2671 2676 2681 2686 2200 2205 114 38
27 167 335 340 345 350 355 360 365 370 579 584 227 210
27 168 1264 1269 1274 1279 1284 1289 1294 1299 4001 4006 198 4
27 169 3775 3780 3785 3790 3795 3800 3805 3810 158 163 222 132
27 170 1549 1554 1559 1564 1569 1574 1579 1584 926 931 61 7
27 171 2467 2472 2477 2482 2487 2492 2497 2502 911 916 119 130
27 172 3813 3818 3823 3828 3833 3838 3843 3848 544 549 201 212
27 173 215 220 225 230 235 240 245 250 503 508 53 22
27 174 1824 1829 1834 1839 1844 1849 1854 1859 1511 1516 187 204
27 175 2670 2675 2680 2685 2690 2695 2700 2705 1888 1893 232 4
27 176 2075 2080 2085 2090 2095 2100 2105 2110 2426 2431 198 235
27 177 2287 2292 2297 2302 2307 2312 2317 2322 3397 3402 219 248
27 178 1221 1226 1231 1236 1241 1246 1251 1256 2213 2218 96 68
27 179 1010 1015 1020 1025 1030 1035 1040 1045 1721 1726 204 135
27 180 164 169 174 179 184 189 194 199 1002 1007 224 3
27 181 3591 3596 3601 3606 3611 3616 3621 3626 2614 2619 198 52
27 182 750 755 760 765 770 775 780 785 665 670 130 9
27 183 303 308 313 318 323 328 333 338 3242 3247 188 27
27 184 1584 1589 1594 1599 1604 1609 1614 1619 1378 1383 166 14
27 185 2913 2918 2923 2928 2933 2938 2943 2948 2895 2900 125 152
27 186 1546 1551 1556 1561 1566 1571 1576 1581 2318 2323 239 217
27 187 519 524 529 534 539 544 549 554 1715 1720 239 134
27 188 2865 2870 2875 2880 2885 2890 2895 2900 2180 2185 40 8
27 189 318 323 328 333 338 343 348 353 3330 3335 166 18
27 190 1132 1137 1142 1147 1152 1157 1162 1167 4022 4027 122 97
27 191 570 575 580 585 590 595 600 605 1133 1138 66 18
27 192 2423 2428 2433 2438 2443 2448 2453 2458 3527 3532 125 194
27 193 2015 2020 2025 2030 2035 2040 2045 2050 1475 1480 28 123
27 194 1347 1352 1357 1362 1367 1372 1377 1382 2088 2093 138 142
27 195 2409 2414 2419 2424 2429 2434 2439 2444 1923 1928 204 91
27 196 1588 1593 1598 1603 1608 1613 1618 1623 3162 3167 98 185
27 197 1221 1226 1231 1236 1241 1246 1251 1256 1758 1763 119 233
27 198 2146 2151 2156 2161 2166 2171 2176 2181 690 695 44 93
27 199 1430 1435 1440 1445 1450 1455 1460 1465 1080 1085 238 37
27 200 536 541 546 551 556 561 566 571 333 338 185 96
27 201 3185 3190 3195 3200 3205 3210 3215 3220 2948 2953 163 129
27 202 3224 3229 3234 3239 3244 3249 3254 3259 3478 3483 33 44
27 203 257 262 267 272 277 282 287 292 226 231 99 165
27 204 3318 3323 3328 3333 3338 3343 3348 3353 6 11 166 115
27 205 355 360 365 370 375 380 385 390 2371 2376 109 61
27 206 2584 2589 2594 2599 2604 2609 2614 2619 1335 1340 114 137
27 207 75 80 85 90 95 100 105 110 1553 1558 77 86
27 208 1948 1953 1958 1963 1968 1973 1978 1983 532 537 26 71
27 209 2173 2178 2183 2188 2193 2198 2203 2208 3979 3984 19 75
27 210 626 631 636 641 646 651 656 661 1182 1187 250 3
27 211 565 570 575 580 585 590 595 600 3766 3771 201 71
27 212 2814 2819 2824 2829 2834 2839 2844 2849 1904 1909 96 22
27 213 3936 3941 3946 3951 3956 3961 3966 3971 2208 2213 82 80
27 214 1015 1020 1025 1030 1035 1040 1045 1050 1131 1136 125 246
27 215 2625 2630 2635 2640 2645 2650 2655 2660 2011 2016 252 106
27 216 3690 3695 3700 3705 3710 3715 3720 3725 1650 1655 52 214
27 217 2893 2898 2903 2908 2913 2918 2923 2928 2173 2178 251 192
27 218 2008 2013 2018 2023 2028 2033 2038 2043 3172 3177 48 99
27 219 303 308 313 318 323 328 333 338 274 279 38 231
27 220 148 153 158 163 168 173 178 183 2944 2949 77 133
27 221 3109 3114 3119 3124 3129 3134 3139 3144 3578 3583 130 170
27 222 1318 1323 1328 1333 1338 1343 1348 1353 498 503 80 185
27 223 3361 3366 3371 3376 3381 3386 3391 3396 2994 2999 173 106
27 224 1643 1648 1653 1658 1663 1668 1673 1678 2369 2374 112 246
27 225 489 494 499 504 509 514 519 524 408 413 7 138
27 226 2674 2679 2684 2689 2694 2699 2704 2709 2220 2225 47 38
27 227 3831 3836 3841 3846 3851 3856 3861 3866 3009 3014 53 114
27 228 3008 3013 3018 3023 3028 3033 3038 3043 2169 2174 1 168
27 229 1945 1950 1955 1960 1965 1970 1975 1980 1601 1606 239 152
27 230 685 690 695 700 705 710 715 720 773 778 68 234
27 231 722 727 732 737 742 747 752 757 1848 1853 167 35
27 232 3461 3466 3471 3476 3481 3486 3491 3496 2144 2149 13 16
27 233 3959 3964 3969 3974 3979 3984 3989 3994 2403 2408 240 24
27 234 937 942 947 952 957 962 967 972 239 244 58 165
27 235 1971 1976 1981 1986 1991 1996 2001 2006 1724 1729 72 150
27 236 555 560 565 570 575 580 585 590 3725 3730 225 234
27 237 2212 2217 2222 2227 2232 2237 2242 2247 658 663 32 169
27 238 85 90 95 100 105 110 115 120 260 265 4 39
27 239 380 385 390 395 400 405 410 415 1185 1190 196 166
27 240 2115 2120 2125 2130 2135 2140 2145 2150 1679 1684 25 143
27 241 3073 3078 3083 3088 3093 3098 3103 3108 788 793 7 27
27 242 1956 1961 1966 1971 1976 1981 1986 1991 59 64 103 63
27 243 941 946 951 956 961 966 971 976 3520 3525 193 198
27 244 28 33 38 43 48 53 58 63 644 649 43 60
27 245 1071 1076 1081 1086 1091 1096 1101 1106 1885 1890 44 51
27 246 3333 3338 3343 3348 3353 3358 3363 3368 2417 2422 143 15
27 247 168 173 178 183 188 193 198 203 375 380 241 74
27 248 650 655 660 665 670 675 680 685 2598 2603 249 103
27 249 686 691 696 701 706 711 716 721 1450 1455 171 9
27 250 2667 2672 2677 2682 2687 2692 2697 2702 1528 1533 159 214
27 251 1421 1426 1431 1436 1441 1446 1451 1456 225 230 156 186
27 252 3516 3521 3526 3531 3536 3541 3546 3551 3186 3191 106 17
27 253 3681 3686 3691 3696 3701 3706 3711 3716 3604 3609 65 76
27 254 2021 2026 2031 2036 2041 2046 2051 2056 3482 3487 186 199
27 255 1309 1314 1319 1324 1329 1334 1339 1344 4055 4060 52 38
27 0 1124 1129 1134 1139 1144 1149 1154 1159 3491 3496 105 142
27 1 423 428 433 438 443 448 453 458 2991 2996 216 28
27 2 1318 1323 1328 1333 1338 1343 1348 1353 1512 1517 32 82
27 3 3481 3486 3491 3496 3501 3506 3511 3516 1012 1017 226 110
27 4 114 119 124 129 134 139 144 149 2269 2274 4 96
27 5 290 295 300 305 310 315 320 325 843 848 161 82
27 6 1054 1059 1064 1069 1074 1079 1084 1089 805 810 173 248
27 7 3491 3496 3501 3506 3511 3516 3521 3526 1442 1447 31 24
27 8 439 444 449 454 459 464 469 474 3868 3873 242 124
27 9 2995 3000 3005 3010 3015 3020 3025 3030 1052 1057 24 84
27 10 2238 2243 2248 2253 2258 2263 2268 2273 1883 1888 123 156
27 11 1659 1664 1669 1674 1679 1684 1689 1694 3868 3873 181 31
27 12 3462 3467 3472 3477 3482 3487 3492 3497 2093 2098 173 37
27 13 1146 1151 1156 1161 1166 1171 1176 1181 2032 2037 32 100
27 14 2647 2652 2657 2662 2667 2672 2677 2682 828 833 227 207
27 15 98 103 108 113 118 123 128 133 3290 3295 222 65
27 16 3278 3283 3288 3293 3298 3303 3308 3313 349 354 247 48
27 17 1882 1887 1892 1897 1902 1907 1912 1917 540 545 10 240
27 18 762 767 772 777 782 787 792 797 1387 1392 151 37
27 19 3418 3423 3428 3433 3438 3443 3448 3453 3537 3542 73 81
27 20 2816 2821 2826 2831 2836 2841 2846 2851 3780 3785 114 95
27 21 658 663 668 673 678 683 688 693 229 234 40 230
27 22 1560 1565 1570 1575 1580 1585 1590 1595 2877 2882 172 125
27 23 675 680 685 690 695 700 705 710 792 797 176 134
27 24 398 403 408 413 418 423 428 433 2696 2701 44 171
27 25 1188 1193 1198 1203 1208 1213 1218 1223 3209 3214 223 123
27 26 3075 3080 3085 3090 3095 3100 3105 3110 4065 4070 46 220
27 27 3615 3620 3625 3630 3635 3640 3645 3650 78 83 229 75
27 28 905 910 915 920 925 930 935 940 1284 1289 177 147
27 29 2161 2166 2171 2176 2181 2186 2191 2196 1894 1899 54 129
27 30 330 335 340 345 350 355 360 365 3293 3298 45 53
27 31 2925 2930 2935 2940 2945 2950 2955 2960 2730 2735 102 16
27 32 2337 2342 2347 2352 2357 2362 2367 2372 1278 1283 153 241
27 33 2714 2719 2724 2729 2734 2739 2744 2749 3624 3629 226 59
27 34 3135 3140 3145 3150 3155 3160 3165 3170 2505 2510 77 59
27 35 337 342 347 352 357 362 367 372 2623 2628 104 25
27 36 1608 1613 1618 1623 1628 1633 1638 1643 1938 1943 156 200
27 37 1152 1157 1162 1167 1172 1177 1182 1187 2013 2018 92 34
27 38 1876 1881 1886 1891 1896 1901 1906 1911 3376 3381 91 177
27 39 2249 2254 2259 2264 2269 2274 2279 2284 2370 2375 104 204
27 40 943 948 953 958 963 968 973 978 3981 3986 156 144
27 41 419 424 429 434 439 444 449 454 1475 1480 235 190
27 42 216 221 226 231 236 241 246 251 2820 2825 85 59
27 43 3064 3069 3074 3079 3084 3089 3094 3099 986 991 63 9
27 44 1509 1514 1519 1524 1529 1534 1539 1544 1670 1675 60 138
27 45 3589 3594 3599 3604 3609 3614 3619 3624 891 896 62 118
27 46 3358 3363 3368 3373 3378 3383 3388 3393 1491 1496 3 46
27 47 510 515 520 525 530 535 540 545 2242 2247 174 109
27 48 2910 2915 2920 2925 2930 2935 2940 2945 3102 3107 102 146
27 49 3495 3500 3505 3510 3515 3520 3525 3530 1674 1679 109 89
27 50 2902 2907 2912 2917 2922 2927 2932 2937 3715 3720 125 219
27 51 2972 2977 2982 2987 2992 2997 3002 3007 2281 2286 112 47
27 52 1577 1582 1587 1592 1597 1602 1607 1612 1609 1614 105 105
27 53 3594 3599 3604 3609 3614 3619 3624 3629 3860 3865 23 244
27 54 2481 2486 2491 2496 2501 2506 2511 2516 1012 1017 197 234
27 55 1428 1433 1438 1443 1448 1453 1458 1463 1822 1827 72 102
27 56 408 413 418 423 428 433 438 443 325 330 123 138
27 57 3759 3764 3769 3774 3779 3784 3789 3794 1894 1899 104 161
27 58 319 324 329 334 339 344 349 354 958 963 80 31
27 59 166 171 176 181 186 191 196 201 2340 2345 147 97
27 60 1787 1792 1797 1802 1807 1812 1817 1822 3992 3997 211 119
27 61 3447 3452 3457 3462 3467 3472 3477 3482 931 936 178 212
27 62 1331 1336 1341 1346 1351 1356 1361 1366 2376 2381 23 173
27 63 723 728 733 738 743 748 753 758 1622 1627 88 241
27 64 1220 1225 1230 1235 1240 1245 1250 1255 2481 2486 52 141
27 65 3490 3495 3500 3505 3510 3515 3520 3525 745 750 244 111
27 66 3677 3682 3687 3692 3697 3702 3707 3712 3699 3704 168 139
27 67 3677 3682 3687 3692 3697 3702 3707 3712 2218 2223 213 61
27 68 196 201 206 211 216 221 226 231 3693 3698 253 77
27 69 1426 1431 1436 1441 1446 1451 1456 1461 3601 3606 242 17
27 70 2703 2708 2713 2718 2723 2728 2733 2738 2847 2852 188 190
27 71 1508 1513 1518 1523 1528 1533 1538 1543 3095 3100 148 12
27 72 2443 2448 2453 2458 2463 2468 2473 2478 863 868 61 180
27 73 1128 1133 1138 1143 1148 1153 1158 1163 2111 2116 190 99
27 74 3192 3197 3202 3207 3212 3217 3222 3227 1454 1459 59 171
27 75 3465 3470 3475 3480 3485 3490 3495 3500 3907 3912 118 158
27 76 2634 2639 2644 2649 2654 2659 2664 2669 932 937 62 135
27 77 901 906 911 916 921 926 931 936 3902 3907 77 107
27 78 1770 1775 1780 1785 1790 1795 1800 1805 702 707 84 106
27 79 590 595 600 605 610 615 620 625 643 648 197 118
27 80 179 184 189 194 199 204 209 214 235 240 24 32
27 81 42 47 52 57 62 67 72 77 2680 2685 132 93
27 82 3926 3931 3936 3941 3946 3951 3956 3961 1307 1312 140 143
27 83 1651 1656 1661 1666 1671 1676 1681 1686 2258 2263 73 170
27 84 1783 1788 1793 1798 1803 1808 1813 1818 836 841 192 195
27 85 472 477 482 487 492 497 502 507 3038 3043 74 231
27 86 718 723 728 733 738 743 748 753 3503 3508 77 130
27 87 2938 2943 2948 2953 2958 2963 2968 2973 1881 1886 77 55
27 88 614 619 624 629 634 639 644 649 2238 2243 153 111
27 89 2063 2068 2073 2078 2083 2088 2093 2098 36 41 152 133
27 90 3489 3494 3499 3504 3509 3514 3519 3524 3075 3080 245 200
27 91 3586 3591 3596 3601 3606 3611 3616 3621 1386 1391 183 200
27 92 1330 1335 1340 1345 1350 1355 1360 1365 1508 1513 3 167
27 93 433 438 443 448 453 458 463 468 3390 3395 136 205
27 94 3810 3815 3820 3825 3830 3835 3840 3845 3419 3424 107 217
27 95 3982 3987 3992 3997 4002 4007 4012 4017 3238 3243 27 149
27 96 3244 3249 3254 3259 3264 3269 3274 3279 1344 1349 233 72
27 97 3647 3652 3657 3662 3667 3672 3677 3682 1072 1077 100 68
27 98 3264 3269 3274 3279 3284 3289 3294 3299 3497 3502 38 109
27 99 2015 2020 2025 2030 2035 2040 2045 2050 2301 2306 189 35
27 100 3812 3817 3822 3827 3832 3837 3842 3847 2018 2023 88 216
27 101 474 479 484 489 494 499 504 509 3 8 56 170
27 102 3854 3859 3864 3869 3874 3879 3884 3889 1810 1815 197 74
27 103 1780 1785 1790 1795 1800 1805 1810 1815 2128 2133 181 159
27 104 3340 3345 3350 3355 3360 3365 3370 3375 1217 1222 134 85
27 105 483 488 493 498 503 508 513 518 1448 1453 97 73
27 106 252 257 262 267 272 277 282 287 471 476 30 24
27 107 1840 1845 1850 1855 1860 1865 1870 1875 2867 2872 235 169
27 108 3540 3545 3550 3555 3560 3565 3570 3575 2445 2450 231 132
27 109 1210 1215 1220 1225 1230 1235 1240 1245 1279 1284 158 204
27 110 2971 2976 2981 2986 2991 2996 3001 3006 1097 1102 73 48
27 111 1620 1625 1630 1635 1640 1645 1650 1655 1047 1052 56 166
27 112 3790 3795 3800 3805 3810 3815 3820 3825 2492 2497 63 194
27 113 418 423 428 433 438 443 448 453 1949 1954 159 134
27 114 924 929 934 939 944 949 954 959 892 897 180 233
27 115 3967 3972 3977 3982 3987 3992 3997 4002 2028 2033 102 143
27 116 3370 3375 3380 3385 3390 3395 3400 3405 3977 3982 171 89
27 117 1722 1727 1732 1737 1742 1747 1752 1757 341 346 149 201
27 118 3056 3061 3066 3071 3076 3081 3086 3091 620 625 53 108
27 119 1716 1721 1726 1731 1736 1741 1746 1751 3572 3577 207 191
27 120 954 959 964 969 974 979 984 989 2723 2728 57 196
27 121 3460 3465 3470 3475 3480 3485 3490 3495 165 170 194 49
27 122 136 141 146 151 156 161 166 171 590 595 18 2
27 123 2387 2392 2397 2402 2407 2412 2417 2422 3954 3959 100 202
27 124 1006 1011 1016 1021 1026 1031 1036 1041 490 495 241 12
27 125 1249 1254 1259 1264 1269 1274 1279 1284 3523 3528 138 120
27 126 1621 1626 1631 1636 1641 1646 1651 1656 735 740 156 226
27 127 3678 3683 3688 3693 3698 3703 3708 3713 1998 2003 64 68
27 128 3577 3582 3587 3592 3597 3602 3607 3612 480 485 237 14
27 129 81 86 91 96 101 106 111 116 2995 3000 128 196
27 130 3753 3758 3763 3768 3773 3778 3783 3788 449 454 54 10
27 131 3093 3098 3103 3108 3113 3118 3123 3128 1338 1343 52 23
27 132 1929 1934 1939 1944 1949 1954 1959 1964 3424 3429 223 210
27 133 3191 3196 3201 3206 3211 3216 3221 3226 1883 1888 252 118
27 134 1651 1656 1661 1666 1671 1676 1681 1686 2806 2811 104 126
27 135 3577 3582 3587 3592 3597 3602 3607 3612 1977 1982 94 81
27 136 1874 1879 1884 1889 1894 1899 1904 1909 3521 3526 169 217
27 137 146 151 156 161 166 171 176 181 2063 2068 166 125
27 138 2949 2954 2959 2964 2969 2974 2979 2984 2317 2322 240 42
27 139 236 241 246 251 256 261 266 271 371 376 52 116
27 140 162 167 172 177 182 187 192 197 595 600 233 234
27 141 2180 2185 2190 2195 2200 2205 2210 2215 3827 3832 5 35
27 142 2513 2518 2523 2528 2533 2538 2543 2548 1081 1086 83 168
27 143 878 883 888 893 898 903 908 913 1870 1875 21 72
27 144 2445 2450 2455 2460 2465 2470 2475 2480 170 175 140 229
27 145 750 755 760 765 770 775 780 785 2059 2064 18 95
27 146 2214 2219 2224 2229 2234 2239 2244 2249 922 927 232 147
27 147 896 901 906 911 916 921 926 931 7 12 217 37
27 148 3810 3815 3820 3825 3830 3835 3840 3845 1281 1286 91 147
27 149 2705 2710 2715 2720 2725 2730 2735 2740 2389 2394 201 163
27 150 3351 3356 3361 3366 3371 3376 3381 3386 3087 3092 238 211
27 151 2276 2281 2286 2291 2296 2301 2306 2311 1219 1224 99 77
27 152 3666 3671 3676 3681 3686 3691 3696 3701 306 311 140 243
27 153 1614 1619 1624 1629 1634 1639 1644 1649 770 775 183 47
27 154 3348 3353 3358 3363 3368 3373 3378 3383 233 238 151 246
27 155 1082 1087 1092 1097 1102 1107 1112 1117 185 190 172 176
27 156 752 757 762 767 772 777 782 787 3551 3556 211 16
27 157 2021 2026 2031 2036 2041 2046 2051 2056 4005 4010 137 94
27 158 2318 2323 2328 2333 2338 2343 2348 2353 955 960 156 244
27 159 1859 1864 1869 1874 1879 1884 1889 1894 458 463 89 73
27 160 2922 2927 2932 2937 2942 2947 2952 2957 2455 2460 113 73
27 161 153 158 163 168 173 178 183 188 962 967 157 120
27 162 3926 3931 3936 3941 3946 3951 3956 3961 1138 1143 75 11
27 163 961 966 971 976 981 986 991 996 1929 1934 200 98
27 164 1716 1721 1726 1731 1736 1741 1746 1751 2393 2398 196 40
27 165 2473 2478 2483 2488 2493 2498 2503 2508 3734 3739 20 128
27 166 1181 1186 1191 1196 1201 1206 1211 1216 197 202 149 5
27 167 2643 2648 2653 2658 2663 2668 2673 2678 1105 1110 32 234
27 168 1981 1986 1991 1996 2001 2006 2011 2016 2112 2117 216 46
27 169 247 252 257 262 267 272 277 282 2350 2355 96 135
27 170 372 377 382 387 392 397 402 407 1402 1407 164 140
27 171 3165 3170 3175 3180 3185 3190 3195 3200 3161 3166 223 73
27 172 1206 1211 1216 1221 1226 1231 1236 1241 2038 2043 118 166
27 173 3171 3176 3181 3186 3191 3196 3201 3206 1806 1811 81 122
27 174 3020 3025 3030 3035 3040 3045 3050 3055 3244 3249 229 253
27 175 2109 2114 2119 2124 2129 2134 2139 2144 1624 1629 239 163
27 176 1617 1622 1627 1632 1637 1642 1647 1652 4015 4020 51 114
27 177 1168 1173 1178 1183 1188 1193 1198 1203 1546 1551 173 112
27 178 118 123 128 133 138 143 148 153 3940 3945 154 55
27 179 2486 2491 2496 2501 2506 2511 2516 2521 2839 2844 180 55
27 180 2271 2276 2281 2286 2291 2296 2301 2306 3543 3548 130 220
27 181 318 323 328 333 338 343 348 353 3580 3585 56 127
27 182 387 392 397 402 407 412 417 422 1174 1179 236 227
27 183 360 365 370 375 380 385 390 395 1467 1472 24 166
27 184 3152 3157 3162 3167 3172 3177 3182 3187 1641 1646 68 103
27 185 3885 3890 3895 3900 3905 3910 3915 3920 337 342 201 9
27 186 677 682 687 692 697 702 707 712 406 411 118 207
27 187 3413 3418 3423 3428 3433 3438 3443 3448 910 915 32 197
27 188 2038 2043 2048 2053 2058 2063 2068 2073 938 943 215 29
27 189 3647 3652 3657 3662 3667 3672 3677 3682 3181 3186 88 9
27 190 2987 2992 2997 3002 3007 3012 3017 3022 2581 2586 93 57
27 191 1501 1506 1511 1516 1521 1526 1531 1536 1122 1127 122 110
27 192 2753 2758 2763 2768 2773 2778 2783 2788 1654 1659 39 225
27 193 1525 1530 1535 1540 1545 1550 1555 1560 1591 1596 139 106
27 194 872 877 882 887 892 897 902 907 4016 4021 86 28
27 195 2593 2598 2603 2608 2613 2618 2623 2628 2540 2545 15 78
27 196 1411 1416 1421 1426 1431 1436 1441 1446 1443 1448 58 191
27 197 3216 3221 3226 3231 3236 3241 3246 3251 3899 3904 208 210
27 198 3531 3536 3541 3546 3551 3556 3561 3566 663 668 64 8
27 199 259 264 269 274 279 284 289 294 2113 2118 141 55
27 200 365 370 375 380 385 390 395 400 3694 3699 70 60
27 201 1680 1685 1690 1695 1700 1705 1710 1715 796 801 95 115
27 202 71 76 81 86 91 96 101 106 268 273 44 231
27 203 1602 1607 1612 1617 1622 1627 1632 1637 1472 1477 0 240
27 204 3375 3380 3385 3390 3395 3400 3405 3410 1112 1117 190 32
27 205 1080 1085 1090 1095 1100 1105 1110 1115 1836 1841 87 92
27 206 2508 2513 2518 2523 2528 2533 2538 2543 1900 1905 240 91
27 207 1058 1063 1068 1073 1078 1083 1088 1093 2863 2868 90 131
27 208 474 479 484 489 494 499 504 509 233 238 227 210
27 209 3335 3340 3345 3350 3355 3360 3365 3370 2892 2897 195 197
27 210 2955 2960 2965 2970 2975 2980 2985 2990 216 221 61 128
27 211 481 486 491 496 501 506 511 516 808 813 10 16
27 212 225 230 235 240 245 250 255 260 1009 1014 82 31
27 213 3455 3460 3465 3470 3475 3480 3485 3490 2402 2407 53 232
27 214 21 26 31 36 41 46 51 56 1562 1567 32 68
27 215 2018 2023 2028 2033 2038 2043 2048 2053 2828 2833 2 24
27 216 1650 1655 1660 1665 1670 1675 1680 1685 1020 1025 20 9
27 217 3169 3174 3179 3184 3189 3194 3199 3204 1445 1450 203 200
27 218 1979 1984 1989 1994 1999 2004 2009 2014 3749 3754 35 56
27 219 2661 2666 2671 2676 2681 2686 2691 2696 501 506 82 83
27 220 33 38 43 48 53 58 63 68 3399 3404 177 157
27 221 2253 2258 2263 2268 2273 2278 2283 2288 3723 3728 200 4
27 222 718 723 728 733 738 743 748 753 4064 4069 208 89
27 223 652 657 662 667 672 677 682 687 2504 2509 179 125
27 224 3005 3010 3015 3020 3025 3030 3035 3040 597 602 64 67
27 225 326 331 336 341 346 351 356 361 3276 3281 158 165
27 226 3679 3684 3689 3694 3699 3704 3709 3714 3540 3545 203 230
27 227 1271 1276 1281 1286 1291 1296 1301 1306 1585 1590 151 165
27 228 183 188 193 198 203 208 213 218 3139 3144 240 133
27 229 779 784 789 794 799 804 809 814 916 921 2 245
27 230 3487 3492 3497 3502 3507 3512 3517 3522 2656 2661 218 48
27 231 935 940 945 950 955 960 965 970 3419 3424 183 0
27 232 962 967 972 977 982 987 992 997 2605 2610 36 235
27 233 3807 3812 3817 3822 3827 3832 3837 3842 27 32 119 74
27 234 671 676 681 686 691 696 701 706 1457 1462 248 230
27 235 1597 1602 1607 1612 1617 1622 1627 1632 1948 1953 168 54
27 236 3372 3377 3382 3387 3392 3397 3402 3407 383 388 118 194
27 237 801 806 811 816 821 826 831 836 2453 2458 230 209
27 238 3601 3606 3611 3616 3621 3626 3631 3636 3777 3782 232 232
27 239 3771 3776 3781 3786 3791 3796 3801 3806 4003 4008 231 178
27 240 3721 3726 3731 3736 3741 3746 3751 3756 3565 3570 81 240
27 241 2610 2615 2620 2625 2630 2635 2640 2645 495 500 166 232
27 242 3812 3817 3822 3827 3832 3837 3842 3847 521 526 65 150
27 243 3393 3398 3403 3408 3413 3418 3423 3428 558 563 234 247
27 244 1608 1613 1618 1623 1628 1633 1638 1643 384 389 252 67
27 245 245 250 255 260 265 270 275 280 1338 1343 144 105
27 246 3339 3344 3349 3354 3359 3364 3369 3374 2704 2709 124 33
27 247 2225 2230 2235 2240 2245 2250 2255 2260 3718 3723 49 106
27 248 2330 2335 2340 2345 2350 2355 2360 2365 1103 1108 173 194
27 249 1130 1135 1140 1145 1150 1155 1160 1165 2486 2491 142 120
27 250 2805 2810 2815 2820 2825 2830 2835 2840 436 441 140 89
27 251 3338 3343 3348 3353 3358 3363 3368 3373 1513 1518 85 162
27 252 209 214 219 224 229 234 239 244 1180 1185 19 123
27 253 2737 2742 2747 2752 2757 2762 2767 2772 4024 4029 45 87
27 254 2293 2298 2303 2308 2313 2318 2323 2328 3855 3860 104 126
27 255 3056 3061 3066 3071 3076 3081 3086 3091 3066 3071 24 190
27 0 382 387 392 397 402 407 412 417 1849 1854 111 87
27 1 684 689 694 699 704 709 714 719 509 514 39 178
27 2 667 672 677 682 687 692 697 702 2206 2211 155 148
27 3 737 742 747 752 757 762 767 772 1668 1673 244 177
27 4 2737 2742 2747 2752 2757 2762 2767 2772 1821 1826 156 100
27 5 60 65 70 75 80 85 90 95 1451 1456 123 117
27 6 2136 2141 2146 2151 2156 2161 2166 2171 490 495 85 42
27 7 1184 1189 1194 1199 1204 1209 1214 1219 3534 3539 49 15
27 8 476 481 486 491 496 501 506 511 1411 1416 36 169
27 9 290 295 300 305 310 315 320 325 2524 2529 122 21
27 10 189 194 199 204 209 214 219 224 3517 3522 125 179
27 11 2893 2898 2903 2908 2913 2918 2923 2928 3053 3058 233 226
27 12 1903 1908 1913 1918 1923 1928 1933 1938 2465 2470 206 119
27 13 1695 1700 1705 1710 1715 1720 1725 1730 2049 2054 83 228
27 14 1083 1088 1093 1098 1103 1108 1113 1118 3189 3194 190 81
27 15 1993 1998 2003 2008 2013 2018 2023 2028 3556 3561 167 123
27 16 828 833 838 843 848 853 858 863 311 316 174 53
27 17 3891 3896 3901 3906 3911 3916 3921 3926 1023 1028 168 99
27 18 2243 2248 2253 2258 2263 2268 2273 2278 3259 3264 152 37
27 19 502 507 512 517 522 527 532 537 601 606 232 186
27 20 3891 3896 3901 3906 3911 3916 3921 3926 97 102 53 180
27 21 2816 2821 2826 2831 2836 2841 2846 2851 3060 3065 157 10
27 22 1126 1131 1136 1141 1146 1151 1156 1161 3050 3055 242 162
27 23 2260 2265 2270 2275 2280 2285 2290 2295 2649 2654 185 104
27 24 2663 2668 2673 2678 2683 2688 2693 2698 272 277 65 126
27 25 360 365 370 375 380 385 390 395 1948 1953 228 161
27 26 245 250 255 260 265 270 275 280 1287 1292 40 92
27 27 1189 1194 1199 1204 1209 1214 1219 1224 2362 2367 58 127
27 28 2502 2507 2512 2517 2522 2527 2532 2537 987 992 174 33
27 29 1226 1231 1236 1241 1246 1251 1256 1261 2573 2578 213 141
27 30 1570 1575 1580 1585 1590 1595 1600 1605 456 461 23 212
27 31 456 461 466 471 476 481 486 491 1225 1230 56 127
27 32 2819 2824 2829 2834 2839 2844 2849 2854 3885 3890 101 136
27 33 3495 3500 3505 3510 3515 3520 3525 3530 3954 3959 246 28
27 34 3388 3393 3398 3403 3408 3413 3418 3423 2555 2560 55 79
27 35 2272 2277 2282 2287 2292 2297 2302 2307 1251 1256 58 188
27 36 1775 1780 1785 1790 1795 1800 1805 1810 102 107 109 195
27 37 1954 1959 1964 1969 1974 1979 1984 1989 3898 3903 15 217
27 38 1333 1338 1343 1348 1353 1358 1363 1368 893 898 35 158
27 39 750 755 760 765 770 775 780 785 873 878 12 46
27 40 3611 3616 3621 3626 3631 3636 3641 3646 2630 2635 248 221
27 41 3258 3263 3268 3273 3278 3283 3288 3293 2687 2692 57 223
27 42 479 484 489 494 499 504 509 514 762 767 43 120
27 43 2002 2007 2012 2017 2022 2027 2032 2037 3298 3303 87 65
27 44 2135 2140 2145 2150 2155 2160 2165 2170 1648 1653 121 167
27 45 2194 2199 2204 2209 2214 2219 2224 2229 3249 3254 238 33
27 46 42 47 52 57 62 67 72 77 2727 2732 226 62
27 47 3469 3474 3479 3484 3489 3494 3499 3504 4075 4080 45 38
27 48 2964 2969 2974 2979 2984 2989 2994 2999 1170 1175 171 140
27 49 73 78 83 88 93 98 103 108 2964 2969 27 63
27 50 102 107 112 117 122 127 132 137 2889 2894 54 214
27 51 3552 3557 3562 3567 3572 3577 3582 3587 3444 3449 24 160
27 52 2244 2249 2254 2259 2264 2269 2274 2279 2664 2669 44 93
27 53 65 70 75 80 85 90 95 100 1823 1828 172 213
27 54 2470 2475 2480 2485 2490 2495 2500 2505 1101 1106 117 116
27 55 1869 1874 1879 1884 1889 1894 1899 1904 2128 2133 43 218
27 56 3352 3357 3362 3367 3372 3377 3382 3387 1139 1144 3 38
27 57 2522 2527 2532 2537 2542 2547 2552 2557 2458 2463 33 79
27 58 1850 1855 1860 1865 1870 1875 1880 1885 662 667 100 236
27 59 1492 1497 1502 1507 1512 1517 1522 1527 1561 1566 20 177
27 60 3616 3621 3626 3631 3636 3641 3646 3651 1246 1251 53 120
27 61 2615 2620 2625 2630 2635 2640 2645 2650 1898 1903 23 49
27 62 3635 3640 3645 3650 3655 3660 3665 3670 497 502 78 132
27 63 2902 2907 2912 2917 2922 2927 2932 2937 3722 3727 40 135
27 64 3022 3027 3032 3037 3042 3047 3052 3057 1093 1098 86 191
27 65 888 893 898 903 908 913 918 923 3917 3922 97 107
27 66 1698 1703 1708 1713 1718 1723 1728 1733 3087 3092 19 65
27 67 2389 2394 2399 2404 2409 2414 2419 2424 2842 2847 119 16
27 68 2003 2008 2013 2018 2023 2028 2033 2038 500 505 23 16
27 69 2589 2594 2599 2604 2609 2614 2619 2624 2702 2707 15 47
27 70 3864 3869 3874 3879 3884 3889 3894 3899 2317 2322 55 183
27 71 1681 1686 1691 1696 1701 1706 1711 1716 2130 2135 90 167
27 72 3071 3076 3081 3086 3091 3096 3101 3106 696 701 84 243
27 73 840 845 850 855 860 865 870 875 3093 3098 7 178
27 74 2630 2635 2640 2645 2650 2655 2660 2665 3914 3919 243 222
27 75 203 208 213 218 223 228 233 238 1101 1106 130 27
27 76 2307 2312 2317 2322 2327 2332 2337 2342 547 552 41 63
27 77 890 895 900 905 910 915 920 925 357 362 10 143
27 78 1566 1571 1576 1581 1586 1591 1596 1601 793 798 201 219
27 79 2245 2250 2255 2260 2265 2270 2275 2280 4026 4031 11 125
27 80 3601 3606 3611 3616 3621 3626 3631 3636 480 485 124 222
27 81 3283 3288 3293 3298 3303 3308 3313 3318 620 625 208 6
27 82 175 180 185 190 195 200 205 210 1951 1956 12 211
27 83 287 292 297 302 307 312 317 322 3459 3464 9 244
27 84 2138 2143 2148 2153 2158 2163 2168 2173 2520 2525 20 166
27 85 118 123 128 133 138 143 148 153 205 210 145 213
27 86 459 464 469 474 479 484 489 494 3442 3447 118 190
27 87 3098 3103 3108 3113 3118 3123 3128 3133 665 670 26 14
27 88 3567 3572 3577 3582 3587 3592 3597 3602 2133 2138 36 36
27 89 3746 3751 3756 3761 3766 3771 3776 3781 2358 2363 20 138
27 90 1476 1481 1486 1491 1496 1501 1506 1511 1105 1110 182 51
27 91 760 765 770 775 780 785 790 795 1662 1667 243 133
27 92 255 260 265 270 275 280 285 290 435 440 216 106
27 93 3034 3039 3044 3049 3054 3059 3064 3069 489 494 193 203
27 94 3273 3278 3283 3288 3293 3298 3303 3308 2432 2437 128 183
27 95 2137 2142 2147 2152 2157 2162 2167 2172 743 748 120 161
27 96 1694 1699 1704 1709 1714 1719 1724 1729 128 133 242 103
27 97 989 994 999 1004 1009 1014 1019 1024 2978 2983 54 172
27 98 3149 3154 3159 3164 3169 3174 3179 3184 2301 2306 159 20
27 99 1598 1603 1608 1613 1618 1623 1628 1633 909 914 191 119
27 100 123 128 133 138 143 148 153 158 1443 1448 201 49
27 101 2861 2866 2871 2876 2881 2886 2891 2896 344 349 205 252
27 102 2816 2821 2826 2831 2836 2841 2846 2851 3213 3218 129 31
27 103 2953 2958 2963 2968 2973 2978 2983 2988 1678 1683 173 69
27 104 2792 2797 2802 2807 2812 2817 2822 2827 2217 2222 103 84
27 105 1930 1935 1940 1945 1950 1955 1960 1965 2181 2186 179 25
27 106 1427 1432 1437 1442 1447 1452 1457 1462 3293 3298 74 144
27 107 474 479 484 489 494 499 504 509 3105 3110 251 58
27 108 1589 1594 1599 1604 1609 1614 1619 1624 1678 1683 14 39
27 109 3447 3452 3457 3462 3467 3472 3477 3482 40 45 248 184
27 110 1975 1980 1985 1990 1995 2000 2005 2010 26 31 99 208
27 111 2066 2071 2076 2081 2086 2091 2096 2101 1872 1877 210 75
27 112 2676 2681 2686 2691 2696 2701 2706 2711 855 860 81 151
27 113 1651 1656 1661 1666 1671 1676 1681 1686 659 664 27 193
27 114 1085 1090 1095 1100 1105 1110 1115 1120 2940 2945 140 71
27 115 755 760 765 770 775 780 785 790 3201 3206 78 2
27 116 277 282 287 292 297 302 307 312 2232 2237 159 250
27 117 3872 3877 3882 3887 3892 3897 3902 3907 832 837 30 148
27 118 2646 2651 2656 2661 2666 2671 2676 2681 439 444 103 173
27 119 925 930 935 940 945 950 955 960 815 820 150 200
27 120 778 783 788 793 798 803 808 813 1731 1736 85 225
27 121 927 932 937 942 947 952 957 962 233 238 144 221
27 122 2675 2680 2685 2690 2695 2700 2705 2710 1066 1071 14 91
27 123 2737 2742 2747 2752 2757 2762 2767 2772 1130 1135 109 195
27 124 356 361 366 371 376 381 386 391 1071 1076 205 225
27 125 145 150 155 160 165 170 175 180 922 927 40 103
27 126 1573 1578 1583 1588 1593 1598 1603 1608 622 627 32 153
27 127 1905 1910 1915 1920 1925 1930 1935 1940 3072 3077 187 22
27 128 3539 3544 3549 3554 3559 3564 3569 3574 3507 3512 236 233
27 129 2231 2236 2241 2246 2251 2256 2261 2266 3665 3670 74 103
27 130 829 834 839 844 849 854 859 864 2645 2650 79 114
27 131 3645 3650 3655 3660 3665 3670 3675 3680 2002 2007 165 187
27 132 72 77 82 87 92 97 102 107 1503 1508 185 18
27 133 2897 2902 2907 2912 2917 2922 2927 2932 3542 3547 28 78
27 134 3277 3282 3287 3292 3297 3302 3307 3312 2035 2040 244 126
27 135 1078 1083 1088 1093 1098 1103 1108 1113 2022 2027 24 81
27 136 3478 3483 3488 3493 3498 3503 3508 3513 1579 1584 228 106
27 137 3426 3431 3436 3441 3446 3451 3456 3461 2483 2488 147 155
27 138 2724 2729 2734 2739 2744 2749 2754 2759 1441 1446 160 56
27 139 862 867 872 877 882 887 892 897 3732 3737 88 105
27 140 684 689 694 699 704 709 714 719 3566 3571 92 72
27 141 1993 1998 2003 2008 2013 2018 2023 2028 834 839 139 169
27 142 821 826 831 836 841 846 851 856 2968 2973 163 73
27 143 2677 2682 2687 2692 2697 2702 2707 2712 119 124 22 91
27 144 891 896 901 906 911 916 921 926 724 729 93 30
27 145 72 77 82 87 92 97 102 107 1569 1574 76 125
27 146 1615 1620 1625 1630 1635 1640 1645 1650 266 271 167 219
27 147 700 705 710 715 720 725 730 735 1182 1187 248 16
27 148 3829 3834 3839 3844 3849 3854 3859 3864 178 183 127 68
27 149 224 229 234 239 244 249 254 259 2144 2149 34 28
27 150 2885 2890 2895 2900 2905 2910 2915 2920 2768 2773 185 232
27 151 629 634 639 644 649 654 659 664 994 999 179 88
27 152 2923 2928 2933 2938 2943 2948 2953 2958 2545 2550 75 74
27 153 2193 2198 2203 2208 2213 2218 2223 2228 2655 2660 232 210
27 154 1767 1772 1777 1782 1787 1792 1797 1802 3137 3142 222 14
27 155 704 709 714 719 724 729 734 739 2520 2525 144 181
27 156 621 626 631 636 641 646 651 656 1725 1730 194 200
27 157 542 547 552 557 562 567 572 577 1638 1643 156 143
27 158 3621 3626 3631 3636 3641 3646 3651 3656 1794 1799 157 211
27 159 254 259 264 269 274 279 284 289 1039 1044 3 177
27 160 493 498 503 508 513 518 523 528 1528 1533 246 177
27 161 2438 2443 2448 2453 2458 2463 2468 2473 330 335 109 38
27 162 2290 2295 2300 2305 2310 2315 2320 2325 2714 2719 19 6
27 163 1808 1813 1818 1823 1828 1833 1838 1843 542 547 58 39
27 164 1787 1792 1797 1802 1807 1812 1817 1822 3149 3154 24 30
27 165 2827 2832 2837 2842 2847 2852 2857 2862 2554 2559 203 46
27 166 798 803 808 813 818 823 828 833 1372 1377 132 1
27 167 2104 2109 2114 2119 2124 2129 2134 2139 1676 1681 171 149
27 168 1833 1838 1843 1848 1853 1858 1863 1868 1348 1353 126 158
27 169 686 691 696 701 706 711 716 721 2534 2539 120 197
27 170 2842 2847 2852 2857 2862 2867 2872 2877 900 905 231 0
27 171 343 348 353 358 363 368 373 378 1398 1403 167 113
27 172 1063 1068 1073 1078 1083 1088 1093 1098 501 506 69 15
27 173 656 661 666 671 676 681 686 691 1131 1136 22 106
27 174 3959 3964 3969 3974 3979 3984 3989 3994 3981 3986 123 110
27 175 2124 2129 2134 2139 2144 2149 2154 2159 1417 1422 102 244
27 176 2951 2956 2961 2966 2971 2976 2981 2986 2651 2656 209 223
27 177 3441 3446 3451 3456 3461 3466 3471 3476 1790 1795 183 67
27 178 2855 2860 2865 2870 2875 2880 2885 2890 610 615 208 57
27 179 1402 1407 1412 1417 1422 1427 1432 1437 4046 4051 28 233
27 180 2266 2271 2276 2281 2286 2291 2296 2301 3111 3116 230 108
27 181 532 537 542 547 552 557 562 567 2581 2586 114 118
27 182 729 734 739 744 749 754 759 764 747 752 97 156
27 183 1953 1958 1963 1968 1973 1978 1983 1988 3852 3857 130 4
27 184 3472 3477 3482 3487 3492 3497 3502 3507 2957 2962 54 70
27 185 440 445 450 455 460 465 470 475 4023 4028 237 244
27 186 607 612 617 622 627 632 637 642 1678 1683 25 116
27 187 3171 3176 3181 3186 3191 3196 3201 3206 204 209 112 39
27 188 2523 2528 2533 2538 2543 2548 2553 2558 779 784 234 136
27 189 1887 1892 1897 1902 1907 1912 1917 1922 1126 1131 112 75
27 190 1739 1744 1749 1754 1759 1764 1769 1774 216 221 107 143
27 191 160 165 170 175 180 185 190 195 1193 1198 225 61
27 192 1259 1264 1269 1274 1279 1284 1289 1294 846 851 67 39
27 193 42 47 52 57 62 67 72 77 3777 3782 115 116
27 194 1388 1393 1398 1403 1408 1413 1418 1423 912 917 94 121
27 195 3833 3838 3843 3848 3853 3858 3863 3868 3220 3225 144 131
27 196 2738 2743 2748 2753 2758 2763 2768 2773 817 822 21 188
27 197 314 319 324 329 334 339 344 349 4050 4055 48 37
27 198 469 474 479 484 489 494 499 504 3766 3771 32 207
27 199 1007 1012 1017 1022 1027 1032 1037 1042 3193 3198 250 92
27 200 1793 1798 1803 1808 1813 1818 1823 1828 0 5 102 93
27 201 3376 3381 3386 3391 3396 3401 3406 3411 774 779 51 32
27 202 1334 1339 1344 1349 1354 1359 1364 1369 170 175 146 17
27 203 964 969 974 979 984 989 994 999 2794 2799 251 158
27 204 2664 2669 2674 2679 2684 2689 2694 2699 3325 3330 250 227
27 205 1100 1105 1110 1115 1120 1125 1130 1135 3461 3466 231 4
27 206 2943 2948 2953 2958 2963 2968 2973 2978 1517 1522 219 106
27 207 3385 3390 3395 3400 3405 3410 3415 3420 92 97 214 99
27 208 1561 1566 1571 1576 1581 1586 1591 1596 1023 1028 224 196
27 209 3888 3893 3898 3903 3908 3913 3918 3923 3948 3953 172 155
27 210 1123 1128 1133 1138 1143 1148 1153 1158 2374 2379 249 11
27 211 1837 1842 1847 1852 1857 1862 1867 1872 1981 1986 73 91
27 212 292 297 302 307 312 317 322 327 1231 1236 7 93
27 213 2461 2466 2471 2476 2481 2486 2491 2496 631 636 96 45
27 214 498 503 508 513 518 523 528 533 1009 1014 206 240
27 215 2179 2184 2189 2194 2199 2204 2209 2214 3667 3672 22 24
27 216 1595 1600 1605 1610 1615 1620 1625 1630 1441 1446 71 192
27 217 3028 3033 3038 3043 3048 3053 3058 3063 2823 2828 114 203
27 218 1981 1986 1991 1996 2001 2006 2011 2016 3323 3328 49 186
27 219 1883 1888 1893 1898 1903 1908 1913 1918 827 832 30 97
27 220 1230 1235 1240 1245 1250 1255 1260 1265 797 802 121 12
27 221 310 315 320 325 330 335 340 345 1866 1871 117 166
27 222 3477 3482 3487 3492 3497 3502 3507 3512 2615 2620 124 118
27 223 3671 3676 3681 3686 3691 3696 3701 3706 2047 2052 105 2
27 224 3311 3316 3321 3326 3331 3336 3341 3346 4027 4032 130 53
27 225 3171 3176 3181 3186 3191 3196 3201 3206 130 135 45 90
27 226 1675 1680 1685 1690 1695 1700 1705 1710 3870 3875 35 117
27 227 2998 3003 3008 3013 3018 3023 3028 3033 226 231 184 154
27 228 3631 3636 3641 3646 3651 3656 3661 3666 1114 1119 228 90
27 229 2718 2723 2728 2733 2738 2743 2748 2753 2379 2384 154 62
27 230 2609 2614 2619 2624 2629 2634 2639 2644 3579 3584 59 21
27 231 2300 2305 2310 2315 2320 2325 2330 2335 946 951 23 238
27 232 830 835 840 845 850 855 860 865 53 58 206 14
27 233 2854 2859 2864 2869 2874 2879 2884 2889 3822 3827 150 54
27 234 54 59 64 69 74 79 84 89 1793 1798 146 149
27 235 2471 2476 2481 2486 2491 2496 2501 2506 2248 2253 104 56
27 236 1421 1426 1431 1436 1441 1446 1451 1456 2238 2243 46 48
27 237 2685 2690 2695 2700 2705 2710 2715 2720 2270 2275 84 131
27 238 2860 2865 2870 2875 2880 2885 2890 2895 2208 2213 57 232
27 239 506 511 516 521 526 531 536 541 2788 2793 249 112
27 240 3887 3892 3897 3902 3907 3912 3917 3922 2448 2453 189 183
27 241 1540 1545 1550 1555 1560 1565 1570 1575 2345 2350 126 18
27 242 1509 1514 1519 1524 1529 1534 1539 1544 17 22 22 124
27 243 53 58 63 68 73 78 83 88 1775 1780 18 43
27 244 1843 1848 1853 1858 1863 1868 1873 1878 1243 1248 146 1
27 245 2140 2145 2150 2155 2160 2165 2170 2175 2914 2919 187 74
27 246 2512 2517 2522 2527 2532 2537 2542 2547 2007 2012 116 145
27 247 1817 1822 1827 1832 1837 1842 1847 1852 3042 3047 127 92
27 248 3530 3535 3540 3545 3550 3555 3560 3565 613 618 51 35
27 249 389 394 399 404 409 414 419 424 1538 1543 199 226
27 250 3744 3749 3754 3759 3764 3769 3774 3779 2480 2485 22 9
27 251 2120 2125 2130 2135 2140 2145 2150 2155 2853 2858 172 172
27 252 2214 2219 2224 2229 2234 2239 2244 2249 257 262 32 189
27 253 705 710 715 720 725 730 735 740 2443 2448 126 43
27 254 2693 2698 2703 2708 2713 2718 2723 2728 3304 3309 193 180
27 255 1762 1767 1772 1777 1782 1787 1792 1797 2111 2116 171 74
27 0 1048 1053 1058 1063 1068 1073 1078 1083 1318 1323 104 71
27 1 3954 3959 3964 3969 3974 3979 3984 3989 145 150 107 98
27 2 240 245 250 255 260 265 270 275 1862 1867 82 37
27 3 3817 3822 3827 3832 3837 3842 3847 3852 2340 2345 197 55
27 4 400 405 410 415 420 425 430 435 2468 2473 56 94
27 5 2935 2940 2945 2950 2955 2960 2965 2970 70 75 221 130
27 6 3537 3542 3547 3552 3557 3562 3567 3572 3353 3358 72 122
27 7 29 34 39 44 49 54 59 64 1581 1586 146 24
27 8 2880 2885 2890 2895 2900 2905 2910 2915 4073 4078 233 156
27 9 785 790 795 800 805 810 815 820 1988 1993 243 145
27 10 2555 2560 2565 2570 2575 2580 2585 2590 131 136 90 57
27 11 1375 1380 1385 1390 1395 1400 1405 1410 2361 2366 125 9
27 12 2040 2045 2050 2055 2060 2065 2070 2075 3896 3901 19 223
27 13 1539 1544 1549 1554 1559 1564 1569 1574 135 140 46 112
27 14 3262 3267 3272 3277 3282 3287 3292 3297 512 517 131 17
27 15 464 469 474 479 484 489 494 499 3927 3932 223 231
27 16 170 175 180 185 190 195 200 205 1360 1365 152 161
27 17 1293 1298 1303 1308 1313 1318 1323 1328 3649 3654 127 174
27 18 331 336 341 346 351 356 361 366 75 80 149 180
27 19 3026 3031 3036 3041 3046 3051 3056 3061 1796 1801 8 166
27 20 3623 3628 3633 3638 3643 3648 3653 3658 1573 1578 186 65
27 21 3695 3700 3705 3710 3715 3720 3725 3730 3828 3833 89 88
27 22 628 633 638 643 648 653 658 663 2239 2244 68 39
27 23 613 618 623 628 633 638 643 648 439 444 209 156
27 24 3679 3684 3689 3694 3699 3704 3709 3714 3037 3042 42 87
27 25 3115 3120 3125 3130 3135 3140 3145 3150 2842 2847 193 67
27 26 1448 1453 1458 1463 1468 1473 1478 1483 1693 1698 188 138
27 27 395 400 405 410 415 420 425 430 657 662 173 213
27 28 1411 1416 1421 1426 1431 1436 1441 1446 1723 1728 15 6
27 29 3202 3207 3212 3217 3222 3227 3232 3237 1250 1255 93 226
27 30 3705 3710 3715 3720 3725 3730 3735 3740 785 790 173 114
27 31 3715 3720 3725 3730 3735 3740 3745 3750 3893 3898 185 224
27 32 1478 1483 1488 1493 1498 1503 1508 1513 3515 3520 165 68
27 33 3285 3290 3295 3300 3305 3310 3315 3320 2360 2365 3 24
27 34 633 638 643 648 653 658 663 668 1615 1620 93 176
27 35 2032 2037 2042 2047 2052 2057 2062 2067 3986 3991 75 162
27 36 982 987 992 997 1002 1007 1012 1017 3451 3456 66 180
27 37 1860 1865 1870 1875 1880 1885 1890 1895 3841 3846 202 252
27 38 343 348 353 358 363 368 373 378 1588 1593 183 170
27 39 1171 1176 1181 1186 1191 1196 1201 1206 3513 3518 127 161
27 40 3879 3884 3889 3894 3899 3904 3909 3914 2404 2409 232 113
27 41 530 535 540 545 550 555 560 565 1891 1896 29 58
27 42 1926 1931 1936 1941 1946 1951 1956 1961 1816 1821 91 163
27 43 2188 2193 2198 2203 2208 2213 2218 2223 1597 1602 79 219
27 44 1224 1229 1234 1239 1244 1249 1254 1259 2733 2738 90 219
27 45 94 99 104 109 114 119 124 129 3582 3587 197 212
27 46 2005 2010 2015 2020 2025 2030 2035 2040 2966 2971 46 14
27 47 540 545 550 555 560 565 570 575 1877 1882 155 144
27 48 1578 1583 1588 1593 1598 1603 1608 1613 326 331 37 108
27 49 42 47 52 57 62 67 72 77 2210 2215 1 125
27 50 1143 1148 1153 1158 1163 1168 1173 1178 1145 1150 106 95
27 51 804 809 814 819 824 829 834 839 556 561 63 21
27 52 2335 2340 2345 2350 2355 2360 2365 2370 698 703 50 8
27 53 23 28 33 38 43 48 53 58 1862 1867 138 97
27 54 2396 2401 2406 2411 2416 2421 2426 2431 159 164 176 219
27 55 3846 3851 3856 3861 3866 3871 3876 3881 2503 2508 157 161
27 56 280 285 290 295 300 305 310 315 3005 3010 93 72
27 57 870 875 880 885 890 895 900 905 990 995 48 247
27 58 3413 3418 3423 3428 3433 3438 3443 3448 3454 3459 21 232
27 59 450 455 460 465 470 475 480 485 881 886 51 36
27 60 3525 3530 3535 3540 3545 3550 3555 3560 3673 3678 249 79
27 61 695 700 705 710 715 720 725 730 863 868 99 88
27 62 2067 2072 2077 2082 2087 2092 2097 2102 1737 1742 50 89
27 63 2041 2046 2051 2056 2061 2066 2071 2076 1765 1770 39 15
27 64 3000 3005 3010 3015 3020 3025 3030 3035 817 822 236 152
27 65 1293 1298 1303 1308 1313 1318 1323 1328 1027 1032 67 3
27 66 3943 3948 3953 3958 3963 3968 3973 3978 1533 1538 184 196
27 67 2925 2930 2935 2940 2945 2950 2955 2960 3578 3583 88 38
27 68 2850 2855 2860 2865 2870 2875 2880 2885 2442 2447 179 199
27 69 3623 3628 3633 3638 3643 3648 3653 3658 3903 3908 51 182
27 70 1346 1351 1356 1361 1366 1371 1376 1381 826 831 251 79
27 71 2238 2243 2248 2253 2258 2263 2268 2273 1211 1216 111 85
27 72 1299 1304 1309 1314 1319 1324 1329 1334 1606 1611 253 247
27 73 3751 3756 3761 3766 3771 3776 3781 3786 2019 2024 101 61
27 74 1717 1722 1727 1732 1737 1742 1747 1752 1306 1311 8 127
27 75 1421 1426 1431 1436 1441 1446 1451 1456 2462 2467 237 249
27 76 444 449 454 459 464 469 474 479 1267 1272 181 13
27 77 942 947 952 957 962 967 972 977 3014 3019 238 188
27 78 2641 2646 2651 2656 2661 2666 2671 2676 4026 4031 42 10
27 79 1244 1249 1254 1259 1264 1269 1274 1279 3378 3383 190 54
27 80 1584 1589 1594 1599 1604 1609 1614 1619 1814 1819 19 4
27 81 1149 1154 1159 1164 1169 1174 1179 1184 654 659 85 8
27 82 1032 1037 1042 1047 1052 1057 1062 1067 1581 1586 7 39
27 83 363 368 373 378 383 388 393 398 561 566 199 65
27 84 1917 1922 1927 1932 1937 1942 1947 1952 1233 1238 43 64
27 85 3252 3257 3262 3267 3272 3277 3282 3287 3586 3591 159 238
27 86 137 142 147 152 157 162 167 172 2397 2402 169 218
27 87 27 32 37 42 47 52 57 62 3608 3613 118 182
27 88 1271 1276 1281 1286 1291 1296 1301 1306 3129 3134 128 222
27 89 1014 1019 1024 1029 1034 1039 1044 1049 2744 2749 229 138
27 90 3495 3500 3505 3510 3515 3520 3525 3530 2271 2276 18 77
27 91 2798 2803 2808 2813 2818 2823 2828 2833 1990 1995 79 100
27 92 493 498 503 508 513 518 523 528 444 449 19 4
27 93 1314 1319 1324 1329 1334 1339 1344 1349 3813 3818 99 148
27 94 2865 2870 2875 2880 2885 2890 2895 2900 473 478 193 21
27 95 1252 1257 1262 1267 1272 1277 1282 1287 2373 2378 133 159
27 96 3088 3093 3098 3103 3108 3113 3118 3123 4065 4070 111 45
27 97 2106 2111 2116 2121 2126 2131 2136 2141 2911 2916 128 46
27 98 3258 3263 3268 3273 3278 3283 3288 3293 67 72 212 137
27 99 2238 2243 2248 2253 2258 2263 2268 2273 3672 3677 128 141
27 100 2706 2711 2716 2721 2726 2731 2736 2741 2009 2014 191 0
27 101 351 356 361 366 371 376 381 386 2833 2838 233 185
27 102 2097 2102 2107 2112 2117 2122 2127 2132 3656 3661 136 146
27 103 510 515 520 525 530 535 540 545 1273 1278 116 125
27 104 3844 3849 3854 3859 3864 3869 3874 3879 203 208 91 25
27 105 2578 2583 2588 2593 2598 2603 2608 2613 859 864 30 34
27 106 3785 3790 3795 3800 3805 3810 3815 3820 1047 1052 209 119
27 107 356 361 366 371 376 381 386 391 3467 3472 107 45
27 108 2102 2107 2112 2117 2122 2127 2132 2137 2016 2021 88 223
27 109 979 984 989 994 999 1004 1009 1014 961 966 249 48
27 110 1490 1495 1500 1505 1510 1515 1520 1525 2145 2150 105 47
27 111 3089 3094 3099 3104 3109 3114 3119 3124 2756 2761 220 162
27 112 122 127 132 137 142 147 152 157 259 264 22 81
27 113 2277 2282 2287 2292 2297 2302 2307 2312 1463 1468 206 215
27 114 1085 1090 1095 1100 1105 1110 1115 1120 4022 4027 221 52
27 115 3751 3756 3761 3766 3771 3776 3781 3786 371 376 180 118
27 116 3072 3077 3082 3087 3092 3097 3102 3107 1556 1561 86 83
27 117 1511 1516 1521 1526 1531 1536 1541 1546 3495 3500 108 11
27 118 2939 2944 2949 2954 2959 2964 2969 2974 3364 3369 36 76
27 119 902 907 912 917 922 927 932 937 2218 2223 108 36
27 120 2586 2591 2596 2601 2606 2611 2616 2621 1838 1843 197 133
27 121 1979 1984 1989 1994 1999 2004 2009 2014 2407 2412 54 5
27 122 1245 1250 1255 1260 1265 1270 1275 1280 588 593 37 226
27 123 719 724 729 734 739 744 749 754 2497 2502 21 222
27 124 1785 1790 1795 1800 1805 1810 1815 1820 2781 2786 11 14
27 125 1954 1959 1964 1969 1974 1979 1984 1989 409 414 174 161
27 126 2421 2426 2431 2436 2441 2446 2451 2456 3675 3680 205 206
27 127 1860 1865 1870 1875 1880 1885 1890 1895 137 142 230 90
27 128 1677 1682 1687 1692 1697 1702 1707 1712 3509 3514 95 236
27 129 3388 3393 3398 3403 3408 3413 3418 3423 2315 2320 138 37
27 130 2130 2135 2140 2145 2150 2155 2160 2165 3947 3952 35 42
27 131 1253 1258 1263 1268 1273 1278 1283 1288 2730 2735 214 34
27 132 488 493 498 503 508 513 518 523 675 680 23 200
27 133 940 945 950 955 960 965 970 975 3259 3264 192 17
27 134 454 459 464 469 474 479 484 489 304 309 77 30
27 135 499 504 509 514 519 524 529 534 2162 2167 33 227
27 136 2682 2687 2692 2697 2702 2707 2712 2717 713 718 51 64
27 137 1137 1142 1147 1152 1157 1162 1167 1172 943 948 25 244
27 138 3683 3688 3693 3698 3703 3708 3713 3718 3677 3682 43 180
27 139 1968 1973 1978 1983 1988 1993 1998 2003 3078 3083 91 192
27 140 437 442 447 452 457 462 467 472 3504 3509 114 61
27 141 1869 1874 1879 1884 1889 1894 1899 1904 4043 4048 186 57
