27 0 41 2472 2344 2515 3189 3749 3508 1393 2422 4019 95 95
27 1 3281 832 1971 506 3015 3967 857 1471 3761 2339 77 153
27 2 292 387 1431 2731 3738 3920 1477 1761 2501 3363 84 22
27 3 1667 2304 1045 1909 723 3836 3352 2368 1313 579 96 61
27 4 253 2873 1557 3659 682 782 67 894 543 1566 244 13
27 5 316 3040 2200 1857 308 2131 1070 977 2904 2203 161 90
27 6 3890 2734 380 3365 3026 3126 423 3583 3269 358 114 64
27 7 2756 3845 976 3391 1951 2333 974 474 86 3148 182 118
27 8 118 2087 2939 556 853 3140 669 1693 2254 1755 207 11
27 9 3673 2391 1031 760 2944 3097 2300 1864 2237 3308 252 192
27 10 3986 1295 1171 2651 2375 792 3685 3609 4031 3877 65 130
27 11 941 1729 1976 3445 3127 2216 2037 3372 3187 22 213 183
27 12 2945 914 219 1773 241 2613 2452 981 2966 765 93 98
27 13 900 596 2772 1670 1430 2384 3654 572 1098 2398 55 216
27 14 3602 355 2301 2851 1394 3045 626 56 2808 2754 33 4
27 15 281 739 63 2014 2438 3963 2930 3823 1767 472 158 103
27 16 648 2488 1817 2436 2330 2642 2843 1549 2039 3531 65 111
27 17 600 1254 529 3571 2818 2328 2254 3043 1754 3984 199 62
27 18 3195 490 3103 2358 2543 1612 1344 1538 3358 665 198 243
27 19 580 3801 2808 3296 3609 823 39 3192 22 3177 178 52
27 20 2038 184 2200 1672 3978 2216 3845 2923 2796 3336 137 84
27 21 272 60 338 2661 2382 911 2905 468 1239 3787 129 141
27 22 1881 4003 2332 2666 2041 1724 3587 511 3352 3944 230 2
27 23 2600 2515 1013 2884 1881 2713 1431 1824 2985 68 157 130
27 24 182 2290 3098 3441 637 3782 1862 2967 79 2159 221 104
27 25 3976 3334 2378 707 1445 2580 3464 584 3351 1337 55 210
27 26 1718 3758 149 438 299 2021 717 564 2099 1082 231 199
27 27 193 3200 3307 431 306 130 518 317 185 1199 9 226
27 28 3316 676 1796 278 333 380 3215 88 912 2633 47 35
27 29 313 3761 331 3573 3666 4007 511 179 2746 3867 244 121
27 30 1535 455 3183 2481 64 1684 2322 2474 893 3669 144 185
27 31 745 654 1196 328 494 47 2198 2053 2427 1730 108 251
27 32 2202 3630 2487 429 1334 1849 1364 1909 3922 3804 103 20
27 33 3487 302 3528 192 1793 295 1793 2703 832 1720 42 65
27 34 1213 3632 812 114 2547 2650 1573 1959 2843 1347 56 156
27 35 3003 3437 1515 3608 2745 1056 522 177 862 2661 59 250
27 36 3187 365 2423 2989 2290 1195 265 2868 3351 1225 26 77
27 37 3285 555 150 1709 2715 1649 49 2160 2036 1249 218 37
27 38 1371 2471 688 2608 3871 1509 1048 499 669 2707 250 237
27 39 3060 1931 1020 772 190 340 1606 2262 3863 2313 24 9
27 40 3882 1091 1575 3502 1597 2499 2655 1662 1539 3303 178 215
27 41 2902 2967 133 611 3757 1286 2225 560 1264 85 82 211
27 42 1030 331 1021 2786 2431 1572 1183 1555 1160 2659 98 88
27 43 940 856 2672 1844 2920 1738 2988 1613 185 742 2 180
27 44 2058 2444 2313 775 3377 2349 2507 1143 663 2622 166 155
27 45 2460 2433 1003 3399 3425 2565 3141 739 565 3731 207 25
27 46 2823 2490 566 3231 1646 1382 556 1392 707 2826 154 36
27 47 896 1027 1627 2127 737 2721 3615 76 3973 3684 4 230
27 48 2559 937 2306 1870 73 987 3614 1769 2564 617 37 89
27 49 2532 2968 2617 2498 931 3660 2097 2883 585 673 183 212
27 50 3754 2516 2751 190 1479 1850 3251 1905 1626 3309 160 163
27 51 3850 1403 2289 2716 213 759 1667 2569 1466 1998 231 205
27 52 2962 2553 3891 315 2433 666 3885 890 872 3287 71 22
27 53 424 683 1762 2458 316 698 2070 1348 875 3717 68 100
27 54 1017 2937 122 2710 1189 3856 70 2523 55 2735 117 39
27 55 1990 3150 3363 3329 2671 2765 2074 3293 335 584 227 210
27 56 1264 186 513 3844 3795 633 1322 2032 1189 931 61 7
27 57 2467 1546 2139 3255 3833 1199 631 2112 3855 508 53 22
27 58 1824 1606 3402 3774 2690 2453 57 119 1895 2431 198 235
27 59 2287 3852 614 518 1241 2688 1736 2398 830 1726 204 135
27 60 164 1547 3629 928 3611 2729 3848 1267 750 670 130 9
27 61 303 3427 1108 3262 1604 1673 3001 1899 2463 2900 125 152
27 62 1546 2683 1779 3277 539 2010 319 3979 2865 2185 40 8
27 63 318 3875 1611 338 1152 497 3182 1122 4030 1138 66 18
27 64 2423 3532 3610 2984 2035 1590 58 1578 807 2093 138 142
27 65 2409 2468 1059 696 1608 3367 638 95 771 1763 119 233
27 66 2146 695 3959 858 1450 1645 778 3102 446 338 185 96
27 67 3185 3043 1863 1644 3244 3773 3953 3394 3627 231 99 165
27 68 3318 731 1421 1040 375 3026 2579 1531 2224 1340 114 137
27 69 75 1918 152 3211 1968 1097 456 2641 1633 3984 19 75
27 70 626 1817 3385 2108 585 61 2766 1176 2184 1909 96 22
27 71 3936 2843 492 1370 1035 1156 2260 1876 2355 2016 252 106
27 72 3690 1655 1672 1649 2913 2378 1446 1487 1738 3177 48 99
27 73 303 639 2313 2271 168 3149 347 248 2569 3583 130 170
27 74 1318 863 60 170 3381 3289 3933 3711 1013 2374 112 246
27 75 489 953 1292 1668 2694 2245 1432 2958 3831 3014 53 114
27 76 3008 2624 3981 2018 1965 1806 2534 427 4055 778 68 234
27 77 722 1943 3047 2425 3481 2259 538 1996 3959 2408 240 24
27 78 937 874 68 2715 1991 2289 3147 250 15 3730 225 234
27 79 2212 1293 92 1969 105 735 514 809 200 1190 196 166
27 80 2115 1684 1120 1913 3093 813 4007 2167 1326 64 103 63
27 81 941 3795 1733 1378 48 1209 808 3235 981 1890 44 51
27 82 3333 2872 2163 2310 188 850 1706 3664 20 2603 249 103
27 83 686 2085 2126 264 2687 1553 2709 3899 791 230 156 186
27 84 3516 3731 676 1102 3701 3989 1370 1721 1931 3487 186 199
27 85 1309 420 1912 1888 1144 3966 775 3797 3883 2996 216 28
27 86 1318 1607 3917 322 3501 1037 1166 2665 3664 2274 4 96
27 87 290 1298 2006 1167 1074 1370 2738 283 3401 1447 31 24
27 88 439 3963 732 1719 3015 1077 1299 3514 1878 1888 123 156
27 89 1659 503 496 1211 3482 2658 188 57 1146 2037 32 100
27 90 2647 1463 2612 2822 118 3855 1322 2635 3188 354 247 48
27 91 1882 545 325 590 782 1592 2366 2432 2788 3542 73 81
27 92 2816 235 459 940 678 254 550 2975 930 2882 172 125
27 93 675 797 2371 3769 418 3171 744 2981 738 3214 223 123
27 94 3075 520 3531 490 3635 553 1264 605 905 1289 177 147
27 95 2161 2529 559 1484 350 3948 380 2368 2475 2735 102 16
27 96 2337 1283 403 3651 2734 189 3621 3984 2775 2510 77 59
27 97 337 2628 674 1985 1628 2593 3311 3120 972 2018 92 34
27 98 1876 3831 406 3587 2269 2665 1204 2854 943 3986 156 144
27 99 419 1570 3815 3600 236 3475 1645 2644 2884 991 63 9
27 100 1509 2305 3705 1588 3609 1186 3202 2003 2818 1496 3 46
27 101 510 2427 2784 794 2930 3577 212 1426 3225 1679 109 89
27 102 2902 260 470 489 2992 2846 2152 1582 1127 1614 105 105
27 103 3594 3955 353 769 2501 1037 3702 3474 1158 1827 72 102
27 104 408 420 1918 1238 3779 2459 1234 1521 229 963 80 31
27 105 166 2705 3377 1707 1807 557 2586 3009 3447 936 178 212
27 106 1331 2381 593 2963 743 2007 2048 2811 1040 2486 52 141
27 107 3490 930 334 2501 3697 3994 3673 3569 3407 2223 213 61
27 108 196 3788 838 3742 1446 3896 2727 1647 2343 2852 188 190
27 109 1508 3190 2248 252 2463 1338 2531 885 588 2116 190 99
27 110 3192 1459 3879 696 3485 292 1743 3828 2274 937 62 135
27 111 901 447 1187 1892 1790 727 2394 1416 230 648 197 118
27 112 179 600 179 2342 62 3335 212 3093 3836 1312 140 143
27 113 1651 2263 3223 1875 1803 1311 2772 645 382 3043 74 231
27 114 718 3508 2877 880 2958 1906 1287 2785 4074 2243 153 111
27 115 2063 761 817 293 3509 3460 2395 110 3496 1391 183 200
27 116 1330 2053 938 1507 453 3865 2796 1770 3450 3424 107 217
27 117 3982 3333 1362 3384 3264 1819 2638 1287 3467 1077 100 68
27 118 3264 3502 3253 3664 2035 2866 219 135 3452 2023 88 216
27 119 474 638 1901 3215 3874 2015 1727 954 1420 2133 181 159
27 120 3340 1492 909 2540 503 1563 3522 2228 3712 476 30 24
27 121 1840 3502 2795 2544 3560 2830 821 1427 940 1284 158 204
27 122 2971 1282 83 208 1640 1522 1856 3311 3430 2497 63 194
27 123 418 2494 169 3464 944 1097 2410 3043 3427 2033 102 143
27 124 3370 612 2206 89 1742 636 3049 796 2876 625 53 108
27 125 1716 3937 1462 2756 974 2838 2892 2431 3190 170 194 49
27 126 136 685 1208 3047 2407 609 3270 3552 646 495 241 12
27 127 1249 3528 3768 120 1641 1120 3326 1951 3408 2003 64 68
27 128 3577 755 2017 3744 101 3020 2708 711 3213 454 54 10
27 129 3093 1613 2182 3258 1949 3539 2198 1090 3011 1888 252 118
27 130 1651 2991 2154 461 3597 2542 2659 1951 1784 3526 169 217
27 131 146 2698 1101 1830 2969 2882 670 2087 236 376 52 116
27 132 162 960 3193 409 2200 122 3095 3100 2513 1086 83 168
27 133 878 2145 621 3962 2465 195 2005 1524 210 2064 18 95
27 134 2214 1287 3017 3447 916 392 552 917 3180 1286 91 147
27 135 2705 2484 2331 2553 3371 3472 238 1681 1826 1224 99 77
27 136 3666 491 3465 2043 1634 885 1283 3812 2718 238 151 246
27 137 1082 460 2207 2121 772 3846 1326 2316 1481 4010 137 94
27 138 2318 1140 3386 1789 1879 1023 104 1288 2832 2460 113 73
27 139 153 1237 757 695 3946 1703 2480 2836 421 1934 200 98
27 140 1716 2578 3571 3260 2493 299 1580 388 1181 202 149 5
27 141 2643 1470 3182 2544 2001 2137 1506 416 67 2355 96 135
27 142 372 2037 3999 1335 3185 3456 1688 3328 846 2043 118 166
27 143 3171 2171 3406 712 3040 3719 3559 2823 1479 1629 239 163
27 144 1617 20 636 3699 1188 1931 1958 132 3578 3945 154 55
27 145 2486 3204 430 725 2291 3838 3445 2120 318 3585 56 127
27 146 387 1449 3196 2522 380 1852 104 2466 3062 1646 68 103
27 147 3885 342 3321 1619 697 431 3798 1057 3053 915 32 197
27 148 2038 1393 3365 1304 3667 3206 1123 619 2807 2586 93 57
27 149 1501 1487 1457 3680 2773 2129 3114 3130 1255 1596 139 106
27 150 872 111 3666 3358 2613 3105 110 2903 961 1448 58 191
27 151 3216 84 778 1055 3551 958 3809 698 4079 2118 141 55
27 152 365 3879 3730 2850 1700 1001 2485 1760 4071 273 44 231
27 153 1602 1837 3915 2455 3395 1587 2915 1997 630 1841 87 92
27 154 2508 2085 1350 91 1078 3518 3770 581 24 238 227 210
27 155 3335 3077 3410 722 2975 691 171 3623 211 813 10 16
27 156 225 1014 2022 2151 3475 2787 1073 777 21 1567 32 68
27 157 2018 3373 3727 1729 1670 1315 3365 794 3169 1450 203 200
27 158 1979 204 1115 806 2681 706 3682 788 3583 3404 177 157
27 159 2253 88 3430 3829 738 269 3093 3264 202 2509 179 125
27 160 3005 1052 1604 1502 346 3301 1353 2575 3589 3545 203 230
27 161 1271 1950 1231 485 203 3614 3985 1013 239 921 2 245
27 162 3487 3201 1043 2103 955 3804 4023 2825 422 2610 36 235
27 163 3807 572 2679 3149 691 1482 1028 3580 1327 1953 168 54
27 164 3372 568 1038 1279 821 2748 1520 3639 2971 3782 232 232
27 165 3771 368 1311 2378 3741 3590 1451 3480 2250 500 166 232
27 166 3812 1156 3025 70 3413 763 3309 3917 1608 389 252 67
27 167 245 1343 154 2305 3359 3179 634 658 1775 3723 49 106
27 168 2330 1738 233 609 1150 2871 1017 1480 2445 441 140 89
27 169 3338 1968 145 2712 229 1655 3254 1943 2197 4029 45 87
27 170 2293 3860 2744 1576 3076 3631 214 3110 3842 1854 111 87
27 171 684 784 289 2298 687 2861 155 153 467 1673 244 177
27 172 2737 2096 566 2810 80 1926 823 3467 2136 495 85 42
27 173 1184 79 729 2805 496 2066 3381 364 4020 2529 122 21
27 174 189 3792 3500 3254 2913 3078 1093 2716 1363 2470 206 119
27 175 1695 2144 478 2013 1103 3664 1545 3656 1363 3561 167 123
27 176 828 586 409 993 3911 1048 2973 869 1973 3264 152 37
27 177 502 1146 2697 361 3911 662 2443 3435 2366 3065 157 10
27 178 1126 3415 3887 3397 2280 3214 2735 1909 2663 277 65 126
27 179 360 2043 2598 3826 265 1492 455 2902 919 2367 58 127
27 180 2502 1622 1109 1038 1246 3228 2078 1086 1570 461 23 212
27 181 456 1410 3541 1977 2839 4000 2586 3566 2865 3959 246 28
27 182 3388 2920 3460 334 2292 1816 1413 2168 1775 107 109 195
27 183 1954 83 3595 2272 1353 918 2520 2138 660 878 12 46
27 184 3611 2995 2348 1656 3278 3072 2382 1693 479 767 43 120
27 185 2002 3573 432 910 2155 2033 391 777 1744 3254 238 33
27 186 42 3362 3951 1862 3489 370 410 3948 2694 1175 171 140
27 187 73 3509 1472 718 122 3094 1184 3564 2922 3449 24 160
27 188 2244 2849 1059 2133 85 2388 3582 808 2110 1106 117 116
27 189 1869 2403 2508 3118 3372 1704 83 1078 2252 2463 33 79
27 190 1850 1027 3250 1926 1512 1676 610 3512 3076 1251 53 120
27 191 2615 2353 2808 194 3655 882 2913 1697 2542 3727 40 135
27 192 3022 1278 1851 701 908 3942 3747 1927 1428 3092 19 65
27 193 2389 2937 1629 96 2023 1155 1058 2666 2319 2707 15 47
27 194 3864 2412 305 1443 1701 2515 2640 2212 2441 701 84 243
27 195 840 3638 3047 3908 2650 299 1023 817 3573 1106 130 27
27 196 2307 1002 3161 2438 910 742 2670 738 1476 798 201 219
27 197 2245 391 661 780 3621 865 1239 1532 2743 625 208 6
27 198 175 2586 2797 3286 307 4024 534 1014 2138 2525 20 166
27 199 118 210 3550 2843 479 3647 2428 3795 2558 670 26 14
27 200 3567 2498 606 3176 3766 2563 3700 573 1026 1110 182 51
27 201 760 1757 1768 3448 275 1090 756 2436 3034 494 193 203
27 202 3273 2797 203 948 2157 1128 3720 246 1424 133 242 103
27 203 989 3253 3889 3662 3169 2956 699 2910 1058 914 191 119
27 204 123 1448 1741 2169 2881 459 1415 4002 2636 3218 129 31
27 205 2953 2313 233 2699 2812 2692 2078 504 1660 2186 179 25
27 206 1427 3748 1614 2614 494 3220 536 1193 1229 1683 14 39
27 207 3447 45 3828 1379 1995 51 1119 2538 1436 1877 210 75
27 208 2676 1400 651 2001 1671 1134 217 118 635 2945 140 71
27 209 755 3386 138 1517 297 2887 2454 3600 3872 837 30 148
27 210 2646 894 2488 2898 945 1290 3290 1080 328 1736 85 225
27 211 927 778 1144 3266 2695 1361 364 1036 2737 1135 109 195
27 212 356 1076 90 2950 165 1307 1855 2753 1303 627 32 153
27 213 1905 3167 1727 707 3559 72 2976 3138 1601 3670 74 103
27 214 829 2650 3404 1214 3665 2297 705 1897 3442 1508 185 18
27 215 2897 3547 1618 3218 3297 2150 164 1436 898 2027 24 81
27 216 3478 1944 1148 2736 3446 2688 1707 1610 2634 1446 160 56
27 217 862 7 2458 1110 704 41 3167 1542 1723 839 139 169
27 218 821 3063 653 1683 2697 144 1887 3076 711 729 93 30
27 219 72 1934 851 730 1635 561 2987 3794 700 1187 248 16
27 220 3829 453 1237 3813 244 2349 304 2168 2435 2773 185 232
27 221 629 1089 3919 2893 2943 3110 1430 3059 1923 2660 232 210
27 222 1767 3412 2687 1799 724 2815 1864 2926 621 1730 194 200
27 223 542 2003 2096 33 3641 2449 2627 1411 3804 1044 3 177
27 224 493 2073 2376 1117 2458 625 2849 2353 2290 2719 19 6
27 225 1808 637 1488 2829 1807 3264 104 1055 2647 2559 203 46
27 226 798 1647 3012 336 2124 1971 3086 2544 1203 1353 126 158
27 227 686 2809 2395 2157 2862 1285 2191 3655 253 1403 167 113
27 228 1063 596 1944 430 676 1786 1042 446 3779 3986 123 110
27 229 2124 1512 17 1599 2971 3126 2519 993 3171 1795 183 67
27 230 2855 1065 3103 487 1422 701 1573 3408 2176 3116 230 108
27 231 532 2766 1479 518 749 1132 3922 2486 1593 3857 130 4
27 232 3472 3412 2504 1520 460 408 2292 1444 4067 1683 25 116
27 233 3171 659 1957 3529 2543 1254 519 2801 1527 1131 112 75
27 234 1739 671 532 3298 180 1578 735 3126 1259 851 67 39
27 235 42 322 2055 371 1408 1477 3184 2501 3653 3225 144 131
27 236 2738 1272 1786 1113 334 345 1083 42 109 3771 32 207
27 237 1007 3468 2270 2962 1813 655 2747 3078 2746 779 51 32
27 238 1334 625 2181 2807 984 3179 2896 2728 2034 3330 250 227
27 239 1100 3556 1486 2394 2963 1902 3819 396 3205 97 214 99
27 240 1561 1568 2514 961 3908 333 187 1465 1033 2379 249 11
27 241 1837 1986 1328 2626 312 1616 3862 3158 2371 636 96 45
27 242 498 1374 1301 415 2199 142 2347 3949 1595 1446 71 192
27 243 3028 3458 3919 1988 2001 3528 2599 2851 1883 832 30 97
27 244 1230 1162 691 3582 330 1891 3717 1206 3477 2620 124 118
27 245 3671 2052 2125 607 3331 682 1435 88 3081 135 45 90
27 246 1675 325 1800 1392 3018 611 1634 524 3271 1119 228 90
27 247 2718 2924 2269 1942 2629 144 1509 2751 2210 951 23 238
27 248 830 598 2816 1864 2874 297 2190 329 3874 1798 146 149
27 249 2471 2433 2569 2256 1441 2713 396 68 2145 2275 84 131
27 250 2860 2213 992 2177 526 2903 4009 1932 3797 2453 189 183
27 251 1540 2800 3276 2648 1529 582 2347 2169 3423 1780 18 43
27 252 1843 1698 476 2966 2160 3119 967 1209 2512 2012 116 145
27 253 1817 3497 1302 252 3550 638 1326 1745 3759 1543 199 226
27 254 3744 2845 192 584 2140 3418 2322 2997 1944 262 32 189
27 255 705 2718 3021 2928 2713 3689 2233 1030 1402 2116 171 74
27 0 1048 1773 2634 2526 3974 260 1157 2668 3700 1867 82 37
27 1 3817 2345 2152 3115 420 2583 1506 3189 2755 75 221 130
27 2 3537 3628 1932 2942 49 2236 241 3789 2340 4078 233 156
27 3 785 2533 2453 3015 2575 696 1300 3487 1195 2366 125 9
27 4 2040 3991 844 2263 1559 790 826 2347 3172 517 131 17
27 5 464 562 2258 1571 190 1475 3212 3336 1023 3654 127 174
27 6 331 80 3014 3065 3046 2091 3768 3836 3263 1578 186 65
27 7 3695 3923 3669 1378 648 2354 1118 889 433 444 209 156
27 8 3679 3582 3847 3417 3135 3317 1753 2907 818 1698 188 138
27 9 395 1202 518 2923 1431 2018 3695 2816 3202 1255 93 226
27 10 3705 970 2033 784 3735 278 3835 3719 848 3520 165 68
27 11 3285 2905 2978 4009 653 1910 378 2316 1672 3991 75 162
27 12 982 3906 316 2650 1880 496 1557 3172 163 1593 183 170
27 13 1171 3608 952 2026 3899 3059 2542 628 530 1896 29 58
27 14 1926 1911 1201 2458 2208 2252 749 2519 1134 2738 90 219
27 15 94 3587 877 642 2025 3171 716 624 90 1882 155 144
27 16 1578 961 687 2418 62 2325 3841 1260 693 1150 106 95
27 17 804 1011 378 3656 2355 723 1355 348 3483 1867 138 97
27 18 2396 344 1096 109 3866 3068 3552 946 4010 3010 93 72
27 19 870 995 3883 342 3433 3479 3926 507 4000 886 51 36
27 20 3525 218 834 1944 715 1428 624 4028 1527 1742 50 89
27 21 2041 2130 544 875 3020 932 651 3727 753 1032 67 3
27 22 3943 1898 2649 1026 2945 53 4008 2783 2850 2447 179 199
27 23 3623 358 46 3562 1366 851 91 3939 2058 1216 111 85
27 24 1299 2061 3738 1282 3771 2044 4021 2201 1627 1311 8 127
27 25 1421 2917 2877 314 464 1922 1231 3363 402 3019 238 188
27 26 2641 301 3272 2735 1264 3943 1655 1254 1224 1819 19 4
27 27 1149 1019 1705 518 1052 1876 1567 2849 183 566 199 65
27 28 1917 1688 3928 2599 3272 3611 3299 2283 3957 2402 169 218
27 29 27 153 4003 2397 1291 3694 923 912 1014 2749 229 138
27 30 3495 2816 1303 907 2818 2015 3329 2925 313 449 19 4
27 31 1314 178 79 1233 2885 858 3268 3946 982 2378 133 159
27 32 3088 250 2241 3935 2126 3296 398 2456 2988 72 212 137
27 33 2238 127 1733 921 2726 2214 3186 2380 81 2838 233 185
27 34 2097 3841 2601 1421 530 1838 2681 1915 3304 208 91 25
27 35 2578 954 1715 529 3805 1252 654 1239 3816 3472 107 45
27 36 2102 2291 3478 3713 999 1436 519 2793 1220 2150 105 47
27 37 3089 3301 3960 3127 142 554 3702 1871 1917 1468 206 215
27 38 1085 657 1761 2412 3771 1026 465 728 2802 1561 86 83
27 39 1511 130 3848 3311 2959 3569 1086 861 632 2223 108 36
27 40 2586 2113 1787 643 1999 2972 579 1315 975 593 37 226
27 41 719 2682 1101 62 1805 3256 3436 719 1504 414 174 161
27 42 2421 3950 1475 31 1880 522 2365 1225 1587 3514 95 236
27 43 3388 2680 1153 1392 2150 512 2585 2517 713 2735 214 34
27 44 488 1220 18 3325 960 3824 3027 1742 274 309 77 30
27 45 499 2797 1623 627 2702 1008 3381 164 777 948 25 244
27 46 3683 3862 978 1725 1988 3733 2671 3767 167 3509 114 61
27 47 1869 588 1266 3707 3660 112 3042 1845 1730 2570 133 160
27 48 1897 2682 2784 2149 3573 3558 908 2321 1084 2739 225 49
27 49 2712 2989 2634 3807 2524 847 85 2948 462 4028 194 190
27 50 3122 2058 3407 3837 3770 1362 1947 41 841 1752 220 166
27 51 2357 2604 300 1913 1005 1472 1114 627 2365 821 20 93
27 52 3338 1347 2438 1810 2762 2062 1536 2802 963 1618 200 176
27 53 3609 1929 3864 1480 259 2231 239 3527 139 1820 181 111
27 54 1647 3623 1023 2742 3732 3921 1939 3876 3770 915 109 10
27 55 2286 3528 676 1359 756 2062 1446 1928 1949 2346 134 82
27 56 3285 2205 2600 2300 345 1143 1698 2041 1549 3563 6 225
27 57 3536 3985 726 2485 3404 772 358 3971 2114 2525 128 99
27 58 1411 45 260 3519 3503 1791 171 2705 2665 2331 163 51
27 59 1107 271 1867 2693 2219 699 2185 1226 810 1207 3 31
27 60 917 295 3977 1722 254 271 3492 3437 59 3431 225 51
27 61 314 2355 596 1294 1796 1847 2909 336 3542 1591 104 217
27 62 570 2043 322 2159 581 205 2230 2678 1406 1706 97 74
27 63 3808 1295 1462 994 638 1444 37 2319 7 1352 120 253
27 64 2709 1376 652 354 2356 646 1531 2069 1769 913 161 164
27 65 2897 509 808 217 3125 1263 3062 100 246 2216 24 98
27 66 1727 1776 3323 2397 2160 841 518 3354 1499 1428 154 196
27 67 271 3288 374 3053 3032 3209 1789 3536 1394 108 214 174
27 68 3649 2600 532 556 436 3402 1082 600 3531 143 50 57
27 69 3055 1792 3234 2237 459 3466 2678 2839 3294 3013 76 202
27 70 668 3979 3186 1152 653 3266 1775 2053 2385 2529 127 81
27 71 956 1529 2976 3596 164 265 1364 3331 3696 492 185 233
27 72 291 3646 1475 206 2491 2284 3730 252 2016 1948 89 234
27 73 3505 1162 3512 3681 1295 71 1662 1824 1956 2150 138 147
27 74 3901 331 1163 1199 3669 2375 2435 381 1025 345 56 205
27 75 1793 3328 1542 871 3916 3235 1806 1727 2280 3025 25 82
27 76 1350 320 2046 1376 3780 2009 759 2569 1960 3547 231 151
27 77 1584 2795 1627 1197 3086 3141 2418 1460 831 1525 75 92
27 78 621 1198 3048 769 613 2920 310 1673 627 1065 10 53
27 79 3865 701 2843 2405 2652 214 1869 218 1547 1684 123 224
27 80 2613 2605 262 3160 3881 2176 348 998 3723 2642 229 111
27 81 617 3216 1439 2279 3986 3556 1972 2733 3162 2530 47 212
27 82 3158 469 1772 525 2966 3090 410 1200 1856 1275 12 137
27 83 2464 3199 594 2285 735 225 1236 141 2672 161 163 216
27 84 3067 420 2655 2190 2374 3473 949 1114 3448 1786 197 232
27 85 2197 1514 662 86 678 2147 2889 4032 2819 1904 40 45
27 86 36 989 922 1930 3973 3510 771 2234 3387 123 214 79
27 87 1681 884 1118 1222 1279 1731 3879 110 3486 3769 67 179
27 88 2884 133 556 3160 501 3739 179 203 1068 3952 18 44
27 89 1105 1702 2227 3970 661 2368 2163 132 679 291 175 133
27 90 1954 935 2262 3919 299 513 900 3789 1532 3551 181 115
27 91 2086 236 1490 3990 2280 539 968 692 2720 3083 166 147
27 92 1242 623 80 1646 81 3244 811 1025 563 497 33 137
27 93 502 2933 2731 913 3467 2970 436 2257 506 1709 117 94
27 94 2683 1552 1250 500 484 3748 367 688 2628 3595 210 191
27 95 858 2517 1666 3333 1221 167 1306 3541 4072 2509 233 180
27 96 2312 255 1485 326 2870 3220 1518 3555 1561 3828 63 97
27 97 2848 2789 2255 202 2482 368 2288 894 691 1751 12 137
27 98 441 1688 98 2030 1996 2541 2328 74 2653 3210 107 76
27 99 1769 3680 927 1402 3040 2055 1472 1770 3759 4018 165 88
27 100 2777 791 391 3800 542 2370 1009 120 3443 2310 100 28
27 101 2186 101 658 2100 2772 546 1290 2017 2546 3603 29 151
27 102 2792 3070 3288 213 3516 2411 1041 3011 3457 3946 252 105
27 103 2702 569 3549 2587 2277 2395 1950 3689 2999 2905 158 186
27 104 3960 2515 1601 1882 2053 1700 166 2534 1415 1255 96 146
27 105 272 708 1096 982 1535 3567 3525 3601 2096 1921 22 73
27 106 626 2369 1095 3680 2928 365 1390 2849 704 1657 117 23
27 107 706 530 2640 1264 3199 3104 343 873 3887 246 120 126
27 108 1969 1844 318 580 3782 3498 3711 2005 2697 2518 13 133
27 109 715 434 3076 3704 2683 3796 1571 294 2271 3127 219 1
27 110 1988 2175 178 2214 675 3875 1474 971 4008 3051 102 113
27 111 3523 376 3337 1088 3481 2198 1964 3137 1047 2792 98 33
27 112 2126 600 1505 1228 2426 3395 3889 3340 2046 298 253 7
27 113 1879 2524 2136 3808 3605 1490 3401 3479 747 916 117 49
27 114 519 601 1725 1567 2512 2778 287 3625 419 1092 176 159
27 115 1865 1691 29 274 2333 2460 1058 136 2288 2424 201 101
27 116 3578 2079 3405 2858 3294 1341 3054 2546 2225 1637 46 112
27 117 2095 179 1048 2198 2678 1320 1752 1018 2141 878 192 75
27 118 3590 1485 1418 3520 722 2883 1848 2592 3291 3675 183 196
27 119 1713 3337 3102 1197 2487 3345 3388 1109 3987 919 138 199
27 120 3264 3719 2756 405 2445 2280 1193 3502 1702 1966 179 75
27 121 718 133 3958 735 1099 116 3796 3622 1718 3951 35 49
27 122 1518 3225 2045 3329 1476 172 1186 2169 3360 756 143 113
27 123 2294 594 1534 3991 1714 115 219 1407 3329 1676 27 109
27 124 523 2544 619 3842 2657 211 3446 1862 2899 1268 109 74
27 125 2415 3649 1446 3684 2398 3701 1888 3987 1666 2602 50 38
27 126 616 3293 2392 89 353 3940 3086 1691 1432 1441 44 144
27 127 3442 1989 882 3064 3416 2051 612 2237 2415 1331 65 17
27 128 2759 760 3427 2859 3574 3468 2854 4034 3882 126 178 48
27 129 3917 3798 1883 75 3195 1099 2015 536 2992 943 110 61
27 130 2720 2296 3998 2944 1092 3002 2223 43 4074 927 21 92
27 131 2816 1808 1100 3927 309 1278 2009 3334 52 2457 62 249
27 132 2654 734 1744 453 294 1251 493 169 2522 3903 133 68
27 133 2307 1523 2343 3452 715 1204 691 3179 1299 2786 232 201
27 134 1472 650 3602 2987 648 221 2841 3570 3565 1234 146 72
27 135 956 163 1759 635 3316 3749 1150 561 46 808 130 229
27 136 1691 2593 2548 679 2124 902 383 2977 644 1998 62 70
27 137 1611 3847 734 3164 155 1615 2176 3363 3405 3269 121 79
27 138 3381 784 1112 2098 712 2557 1342 2134 2071 2872 220 245
27 139 1569 1964 638 2154 1248 3605 501 1813 2900 2101 218 119
27 140 745 130 3220 713 1636 3205 845 2099 3956 847 194 213
27 141 482 3010 2546 3348 3125 3612 2762 3673 2535 1069 238 239
27 142 1032 1513 1906 1453 3998 2663 275 94 3719 749 77 34
27 143 3049 2523 477 2573 163 3086 1633 1225 1736 1231 33 174
27 144 1300 3773 433 3362 1416 591 1260 1700 1612 3375 47 103
27 145 2786 2673 3607 3594 2244 1753 2290 193 2975 2822 187 224
27 146 452 1174 1572 1585 231 1260 2920 1746 2064 665 145 150
27 147 2767 1759 2797 232 585 1967 2118 2308 2815 3044 237 208
27 148 3269 3891 1840 2824 660 3346 2349 1916 2996 755 136 54
27 149 1893 1989 2367 3014 2356 2854 1980 1492 3775 2190 39 214
27 150 3094 597 3280 2134 3037 1338 3283 152 887 2805 85 153
27 151 591 2567 3586 869 92 3159 3046 1085 1013 1500 67 92
27 152 521 66 2354 274 386 2910 2469 2753 927 1183 239 175
27 153 3432 1804 30 750 3118 2817 3946 2217 2669 781 254 243
27 154 583 2404 1145 372 90 3296 2372 1815 1607 1781 245 91
27 155 2403 257 3728 3050 3305 453 708 1995 101 504 69 120
27 156 3626 1162 2747 856 2958 3618 1126 3068 403 1143 78 100
27 157 3109 2101 391 1576 1759 1609 1953 534 371 3674 197 191
27 158 2850 292 2050 2784 1243 1613 497 118 3400 2983 51 108
27 159 3463 925 2376 3773 3705 1048 259 3333 726 1385 225 226
27 160 1683 1993 3629 2961 210 300 2499 1554 2071 1662 130 124
27 161 3158 2063 1804 3806 1361 862 930 1267 405 3381 98 13
27 162 2580 3090 3023 1299 1273 752 2315 2461 3310 2271 221 165
27 163 2549 1353 1087 2214 855 3598 167 386 101 3082 133 226
27 164 3376 1534 1741 3059 362 492 2030 3563 2286 369 154 162
27 165 1240 586 1633 3956 3151 3774 3569 1334 1035 14 83 240
27 166 2726 206 2434 98 3409 760 2054 2930 115 2085 8 157
27 167 392 757 3334 3788 3760 2280 498 2105 483 1855 201 55
27 168 3114 2985 1468 373 144 2033 1341 2702 1267 3663 250 244
27 169 580 1875 3000 1427 2020 2089 305 119 3322 1556 216 178
27 170 644 3831 446 1381 3612 1013 2868 3900 2672 3502 51 24
27 171 1052 1776 1266 3125 77 2691 2280 705 875 3930 38 9
27 172 1774 3048 1439 1551 2783 41 1888 3969 3211 2066 15 245
27 173 1174 2587 2149 97 2044 925 1605 3372 3106 3125 44 54
27 174 537 2700 2535 2644 2871 1813 2824 3779 1256 1900 6 115
27 175 3884 2824 3989 3210 1178 832 875 3409 1078 711 30 87
27 176 1766 3227 2967 568 2291 2980 1419 3660 3939 3133 254 252
27 177 394 495 1658 69 1537 217 560 653 3148 3611 40 242
27 178 1743 2444 1311 1508 1947 294 2423 1068 251 3597 115 156
27 179 1842 3085 2626 976 737 3932 1950 1280 1716 1496 242 232
27 180 3006 2496 3880 2630 2215 1168 3793 2806 3142 2670 92 167
27 181 1881 1472 2731 967 1342 1853 2260 464 974 1344 128 221
27 182 3794 1046 3274 398 740 2169 2418 2112 1853 1117 243 122
27 183 3753 2254 1068 590 110 663 2853 3430 161 850 83 63
27 184 287 1046 2036 2545 2229 2845 965 3078 261 1139 77 195
27 185 3071 2780 3019 2445 2814 647 3766 2925 925 2457 234 92
27 186 1933 1193 1865 3975 1965 1948 2572 2694 1857 1858 47 224
27 187 1389 3673 1798 3213 300 3504 737 1848 2770 3182 11 131
27 188 182 349 1152 463 1656 378 3579 1923 2823 3650 71 70
27 189 3639 51 3372 1790 1644 2103 1015 2138 2241 382 85 183
27 190 170 2499 226 744 1746 63 1945 707 1992 3597 46 127
27 191 3128 1470 2339 274 102 1414 1016 1454 465 2145 51 117
27 192 1485 3827 13 1176 3916 2166 2180 467 1782 3736 180 183
27 193 3165 1650 130 1825 148 1995 2651 3631 2734 339 144 5
27 194 1269 3557 245 486 364 3855 2412 3296 1855 2616 11 83
27 195 710 2763 3382 2310 1926 2039 1482 319 1275 1277 226 221
27 196 2575 2295 1535 2626 2187 3007 1813 3422 163 3515 44 163
27 197 3274 2889 639 350 480 130 1541 1027 3284 3015 131 155
27 198 3801 2764 1319 2938 87 3325 3255 291 2780 1873 35 22
27 199 2449 496 2770 397 856 2244 2300 3714 1725 1434 219 126
27 200 2631 329 1817 740 2321 2308 3999 523 714 1698 154 139
27 201 3770 2856 2007 3739 1531 92 2295 875 3379 420 218 131
27 202 2432 2232 2170 154 686 2262 78 883 3954 2963 65 171
27 203 2133 1180 2251 529 167 1387 3984 1711 3454 1213 191 129
27 204 2688 2471 126 2871 2200 2454 567 1664 2029 1668 119 211
27 205 1384 925 3997 1151 1072 3607 1558 2401 1472 568 183 99
27 206 983 1992 2833 412 3116 619 931 1688 2250 1878 212 20
27 207 1932 958 2834 1048 2077 3690 2762 315 627 611 190 103
27 208 1926 2833 1489 2159 1723 1474 2863 38 2460 3245 117 55
27 209 527 3287 2403 1202 3883 3986 2595 634 2891 2783 96 243
27 210 103 2363 3248 3193 1484 1482 2602 3256 562 1221 157 95
27 211 1298 1348 1244 2856 39 1377 2092 446 451 1348 65 251
27 212 3651 1765 1908 1286 3862 1719 1114 1570 140 2780 45 178
27 213 650 2693 1949 25 2037 2957 2978 3245 3495 1884 113 109
27 214 2171 3856 3705 3238 3657 674 3830 442 3594 2259 92 22
27 215 641 1309 506 3177 557 2576 1881 2767 2935 2583 160 63
27 216 194 2531 2188 3760 2948 230 3179 3292 1222 1226 209 247
27 217 692 2358 3805 2557 2587 3174 406 2290 2202 393 13 120
27 218 2047 3078 975 764 157 194 2361 4005 1513 593 2 173
27 219 3156 986 705 1601 1949 756 308 1894 572 1004 83 93
27 220 3054 3977 218 1671 191 2172 533 3546 3544 194 97 220
27 221 2599 793 1271 1060 455 3517 1762 2111 577 408 7 29
27 222 1054 2172 3222 2129 2149 1818 4007 1889 2742 2746 99 121
27 223 647 3304 2499 1689 1856 2637 417 3992 3233 3136 27 24
27 224 3027 1366 962 511 1666 3208 3627 3589 492 1747 80 76
27 225 224 1086 2205 3638 3652 368 2632 3404 3282 3634 157 179
27 226 35 3184 3664 667 3419 375 2162 980 1203 1426 99 150
27 227 1204 182 1715 1334 770 2553 258 1757 1038 610 59 59
27 228 2651 2889 3047 2930 3209 3706 3104 1794 1760 461 190 52
27 229 2233 1426 3171 3833 1566 1375 1293 496 1396 3013 159 86
27 230 1945 1507 256 435 1274 3978 3790 3621 879 110 41 223
27 231 1335 597 1028 1280 1390 2361 2555 781 1284 3157 157 10
27 232 1105 1731 3211 788 1326 3105 3623 4025 501 3769 163 247
27 233 2700 2854 2332 1300 2782 2727 1298 1409 1062 3403 165 78
27 234 2762 242 2282 1807 220 2368 1549 3516 3370 816 75 94
27 235 714 3090 2089 414 302 2411 3149 2685 4013 1560 16 48
27 236 1888 1504 435 2911 3789 1356 1844 3537 1880 3182 3 222
27 237 1398 2856 3898 2478 1073 3530 3771 1302 3302 1030 56 5
27 238 3618 2877 1104 3685 2558 3146 1475 2558 63 100 128 50
27 239 937 604 3509 1207 2574 3149 61 101 1889 457 231 48
27 240 1875 1697 1920 2376 1152 3753 2552 3184 2737 3201 23 3
27 241 1777 2343 3185 2959 2145 164 3851 2375 3640 3881 11 243
27 242 1547 1956 917 3566 3130 2582 3107 1044 403 1131 85 13
27 243 2574 3459 379 3921 505 1024 78 3965 573 2123 61 214
27 244 373 36 2614 1798 3811 1447 40 1022 3734 573 129 69
27 245 23 1714 3667 156 1305 502 2053 3307 648 3260 34 22
27 246 1009 3748 2877 1280 1610 916 2399 1573 3514 1511 82 26
27 247 693 3414 3630 212 2682 1153 130 794 2662 2085 144 169
27 248 2642 3625 1496 2161 3984 3511 1301 2978 1286 1029 130 58
27 249 1349 3832 2964 3519 3301 2271 3787 3320 3844 2175 137 213
27 250 2943 317 3242 2898 1259 3793 619 1718 2119 1542 180 240
27 251 1912 644 2945 263 1499 1232 3260 3989 3241 1675 3 83
27 252 3412 2382 2633 3487 4003 3910 1716 2755 3987 2437 159 151
27 253 276 1929 2662 1052 3055 1724 1346 1925 1097 3251 1 125
27 254 3520 2797 575 1562 278 3709 1561 2864 3152 4080 152 134
27 255 3923 2875 1352 1297 2216 205 3999 3107 2355 3786 1 25
27 0 3174 2482 1164 744 2902 3876 3799 3272 3761 3411 89 43
27 1 161 1202 605 2140 1505 3087 1259 3595 3628 448 174 39
27 2 1662 2229 3584 3697 3495 840 1373 3481 2992 2303 44 26
27 3 1472 1291 276 2104 171 629 1263 1629 896 603 244 73
27 4 468 3189 3427 2979 1636 3039 2096 3031 513 3063 215 196
27 5 3941 1796 876 1604 40 3380 3978 286 991 3646 205 48
27 6 3173 1459 2319 2445 3258 2016 1769 888 4088 302 224 42
27 7 2490 3202 3066 2788 2609 2887 3566 1464 618 2364 245 166
27 8 167 1525 3570 1062 2601 2407 3636 4024 2244 1138 30 42
27 9 732 397 2853 2078 943 2636 770 727 1993 1825 94 34
27 10 2112 581 3855 2501 1576 628 1394 533 2508 613 23 93
27 11 3005 2416 203 3132 963 1252 544 1325 4056 356 249 224
27 12 236 17 284 1448 1760 426 213 1170 288 2008 182 4
27 13 577 3676 732 3278 3679 565 1398 2317 1848 4011 85 167
27 14 2458 76 2116 2320 3021 1459 1800 1590 327 214 80 250
27 15 803 1444 2204 2503 684 2698 3078 1393 2280 3862 129 253
27 16 13 457 2180 993 2786 729 1446 684 2197 2392 232 79
27 17 432 960 2115 541 1957 1391 3944 3190 2930 2361 77 0
27 18 93 3941 3856 1253 1476 428 3744 1634 1411 2840 224 84
27 19 2344 1868 1759 1291 2617 2359 677 2461 3683 3249 77 201
27 20 1269 1180 3149 711 3501 2496 2298 748 3126 3765 96 79
27 21 290 1064 3694 561 779 3128 636 426 2093 931 183 100
27 22 1557 3440 22 2682 2889 2190 1933 3008 3251 2521 29 180
27 23 2118 248 3398 2512 3731 3116 3904 2598 945 2922 10 76
27 24 3727 2663 346 2290 1241 3601 1829 954 1971 4076 102 119
27 25 3635 3268 1840 529 3356 1808 3062 1023 3339 3260 135 130
27 26 1868 396 3738 1000 1557 2345 1154 3032 1174 78 139 217
27 27 3865 1559 710 317 1734 3654 824 1061 13 533 128 179
27 28 1351 204 13 2457 3300 2041 3320 3133 1678 1735 138 226
27 29 3262 449 1659 2500 3075 597 919 2893 1192 134 105 230
27 30 46 632 1054 2437 1956 3498 3184 368 576 2876 146 214
27 31 3931 2327 3089 217 3196 1605 1299 1423 3429 3620 72 70
27 32 327 2279 1770 114 1062 3080 423 3100 838 37 214 191
27 33 798 528 2211 3602 108 2022 3682 3210 1210 2503 235 238
27 34 2630 3411 1541 2504 3185 546 2157 1999 440 668 44 15
27 35 488 1768 2330 203 3841 1289 2033 1789 2452 781 244 211
27 36 2425 1529 3828 3317 2140 684 518 2717 1981 2579 125 66
27 37 2222 1759 1562 865 1536 1251 3516 2637 3647 276 51 54
27 38 3967 2107 275 1896 3863 735 2538 2524 1678 2009 16 161
27 39 2586 3992 3381 505 992 2543 2103 388 1281 2667 201 163
27 40 1451 1120 814 3800 353 1589 2534 872 3273 1519 13 142
27 41 2921 3549 3380 1272 108 2154 327 3375 3563 3366 43 11
27 42 1731 3505 3658 1628 273 336 1723 2367 2911 1819 234 216
27 43 3212 2839 3859 267 932 2166 3239 3485 1000 1214 100 227
27 44 3365 1116 827 3026 783 3346 636 1380 2813 1675 153 49
27 45 2442 3449 3843 2751 2522 1050 3589 1988 2827 831 178 219
27 46 2751 1075 3405 1243 1561 2084 3250 2750 494 1733 8 29
27 47 3738 2388 648 3752 1655 1055 3812 350 3450 2026 240 157
27 48 1204 1451 3422 1019 65 850 1274 2584 2454 354 242 9
27 49 2316 2434 3771 1148 950 2771 1562 1318 2243 1814 205 165
27 50 987 575 1599 3644 1580 1546 2627 224 893 1819 6 225
27 51 2815 2718 2344 1014 1157 1640 2194 93 3061 208 216 33
27 52 737 1836 665 266 371 1315 82 330 3970 3616 80 187
27 53 3273 39 143 1206 1321 403 1417 3914 1230 2530 214 102
27 54 1061 3957 2980 2838 2084 562 2080 1645 161 713 3 21
27 55 821 2723 2308 3198 953 720 2739 1107 3378 528 114 245
27 56 1849 1055 656 3157 2464 180 2489 803 705 1676 3 157
27 57 606 3192 2545 2324 384 1658 3381 3175 2265 3099 46 140
27 58 838 2036 3231 3232 3644 1609 2845 2379 172 3844 205 147
27 59 919 179 497 3045 2365 2741 74 3734 622 1240 50 76
27 60 2502 546 3814 1588 2753 3477 3841 264 2224 1714 38 45
27 61 3845 1955 2836 606 2917 3238 2401 4021 2392 2925 229 231
27 62 1418 1627 3729 1681 238 2016 2989 1601 743 2834 153 22
27 63 1345 2108 1440 2035 2045 1559 1851 3868 3965 2112 88 237
27 64 3348 629 702 3933 820 1269 2461 1121 1515 3333 78 122
27 65 3192 3126 2829 922 1091 1047 591 2026 1602 1166 248 150
27 66 956 2985 3071 480 3543 325 1858 1270 3413 77 167 161
27 67 2157 1294 3302 3214 1796 2486 872 3166 3120 525 163 170
27 68 620 2550 2939 2183 2161 2787 864 3668 3640 2637 55 25
27 69 1364 2146 109 2351 3685 2858 1059 862 2714 583 119 119
27 70 3110 2173 427 1412 145 3431 3440 498 3418 605 124 244
27 71 599 2648 2165 479 2557 1583 1236 946 784 3592 128 204
27 72 2587 2085 95 779 3254 1101 2045 2153 1114 312 248 147
27 73 1555 2837 2791 2852 3447 1921 1889 359 3259 3388 51 26
27 74 404 3734 3225 2580 3670 1557 3113 1754 1936 3994 13 253
27 75 1241 808 2016 2635 690 3874 3235 559 538 3612 54 134
27 76 139 3903 3983 2653 3835 1027 71 520 2793 1766 176 212
27 77 1583 3935 2575 97 4002 856 265 3325 3632 3261 247 173
27 78 2513 2131 2507 3079 3235 318 3937 472 2058 4073 239 70
27 79 3183 2350 1338 2074 3503 3246 567 3595 2719 2748 28 95
27 80 3847 1318 2796 2999 2429 2259 530 2005 839 712 58 31
27 81 485 3597 3032 748 755 3408 1857 534 3061 1645 50 115
27 82 1479 2578 2916 2900 1265 1234 1866 4016 489 1524 11 227
27 83 2195 3224 3094 3442 1375 1585 2163 3487 260 608 68 43
27 84 2875 3574 314 1005 3863 1582 3887 3354 3695 3704 85 121
27 85 2798 3472 2356 524 2100 2504 4011 3242 3629 3513 40 169
27 86 770 19 520 370 252 1790 2648 3755 3967 3729 199 103
27 87 544 55 551 316 364 1452 2171 2945 3336 2559 48 243
27 88 2640 1136 3580 3769 3555 928 3475 3644 3144 1497 222 155
27 89 1318 437 2423 105 2481 157 2665 1552 2105 1146 33 130
27 90 333 726 3256 985 3808 2419 3038 1262 655 132 65 205
27 91 50 2647 3264 2333 1410 2749 1009 3400 2484 3176 252 234
27 92 1267 2514 2420 3887 572 3899 1007 1732 3100 1766 122 101
27 93 617 973 1075 3336 2675 752 2944 318 2137 2847 29 142
27 94 882 2040 602 1150 950 2559 1550 1763 1058 3369 114 243
27 95 1603 1130 2132 797 780 1090 3960 299 1333 2877 151 93
27 96 2638 636 1575 2441 382 588 408 2454 3221 566 70 71
27 97 1168 3526 2108 3602 551 3264 369 587 2290 29 126 172
27 98 1118 2905 1710 249 1626 2705 1820 2958 1039 4083 230 254
27 99 1455 3549 2454 2723 820 1244 2548 384 317 3495 229 28
27 100 684 2124 1142 3355 3908 1795 3327 1468 2870 2627 10 185
27 101 727 2255 1092 1262 119 75 1760 431 3764 4066 190 1
27 102 1082 1144 2777 385 2696 2168 2586 2008 2576 3782 236 81
27 103 433 2848 2682 3829 1318 3496 967 3296 539 475 126 242
27 104 441 1058 3333 543 1511 622 3129 1916 1373 1045 101 38
27 105 3993 3095 1663 1249 2286 272 143 3457 2565 1439 28 217
27 106 3377 1524 93 3981 825 2819 3676 359 1171 2464 68 122
27 107 66 2465 401 2588 1485 2630 2836 1473 36 2983 212 149
27 108 1726 1020 2903 3338 3589 1149 248 1404 1842 1675 131 220
27 109 3825 2734 1504 52 215 3855 579 1335 1701 2619 201 43
27 110 2992 1964 958 3221 2633 994 3669 3490 2471 2656 75 37
27 111 576 2544 1232 3517 244 3221 2879 58 1642 1368 104 16
27 112 808 1625 2991 1171 3318 2174 175 2532 3106 2908 68 127
27 113 1531 2209 3705 3309 1470 3174 1981 616 2968 1400 160 245
27 114 3584 1438 2110 2414 1587 322 2039 976 1691 1564 53 9
27 115 387 764 3272 160 3749 1684 1354 802 876 3973 117 54
27 116 2849 3801 1552 1938 3416 1442 3441 1403 3868 3516 118 119
27 117 688 1889 3678 2483 2445 2229 3874 2956 2690 3286 207 61
27 118 2700 2347 640 3440 2450 3476 1750 2233 3987 2855 180 217
27 119 425 1619 622 2219 3212 34 2968 1040 2326 311 41 20
27 120 2964 3546 3036 3901 1955 758 3281 2759 2626 3027 254 96
27 121 3596 1532 2817 302 47 1945 2835 3162 297 1085 8 113
27 122 3137 1488 1351 1650 641 3302 2308 2115 74 626 44 183
27 123 1930 1413 2740 3463 1652 3166 2700 3451 3063 1823 200 94
27 124 2509 1979 1751 1900 1428 2985 3778 3120 1688 1476 11 120
27 125 3401 801 182 1124 751 1012 3700 3560 2004 3537 52 231
27 126 3688 1357 1207 1004 1915 423 981 53 3013 3992 99 158
27 127 2915 3073 2893 1625 3879 2150 3626 2874 1223 1253 234 98
27 128 3061 2172 613 181 1958 2251 3223 1917 3336 3495 68 22
27 129 3780 2559 3088 2076 888 546 1703 1133 667 2633 159 65
27 130 1901 194 2226 1971 3259 3750 155 567 3088 4066 46 87
27 131 2287 213 748 1545 625 3515 3829 1604 3777 988 33 116
27 132 1785 2588 358 2608 819 1387 1636 3701 1285 2134 251 144
27 133 599 613 1857 29 2934 3237 3537 2657 147 2047 175 224
27 134 3898 3276 2396 2207 572 242 554 3023 693 2824 38 229
27 135 296 273 356 1373 1757 3770 3598 2832 2195 1022 171 97
27 136 643 1912 3680 564 566 3064 282 2047 1480 3256 91 181
27 137 2525 2850 2109 431 3794 1081 2707 2907 3106 1013 11 219
27 138 3132 363 3798 2759 24 955 757 3684 2159 783 84 251
27 139 361 260 3976 2942 1333 387 2810 853 1098 2844 38 96
27 140 223 2801 2741 855 2251 160 3662 3617 1382 985 149 182
27 141 1457 1606 278 1048 793 1919 2449 561 2703 2448 207 227
27 142 1436 830 1062 1827 44 1870 1326 2237 3323 1133 225 102
27 143 1358 1116 1291 3665 3590 2005 283 362 1819 1451 187 253
27 144 1718 3782 391 80 172 2738 401 2211 2496 2339 152 151
27 145 2509 3102 672 3263 2262 1173 622 571 3350 532 64 189
27 146 3781 643 716 1576 370 572 488 3074 1905 1356 203 254
27 147 3601 1321 2304 1982 3065 2192 2069 198 2420 1599 84 144
27 148 1525 85 3227 2839 469 2111 3704 1292 1915 2590 58 35
27 149 1230 2587 2221 3052 2290 987 621 2063 4031 1347 116 46
27 150 100 3963 3181 206 3268 147 728 2585 1668 1643 140 27
27 151 3438 3865 3483 492 3513 720 3434 1248 1852 1440 194 165
27 152 1221 1853 178 99 640 116 2868 3267 669 1712 106 87
27 153 1262 2539 1841 3652 2714 2127 1041 549 2462 2274 9 232
27 154 1730 1508 3051 621 2431 322 2767 137 4015 798 212 252
27 155 3999 156 653 3553 2802 3479 1917 47 3912 747 122 244
27 156 3091 2813 3728 1866 297 3648 1882 3246 3690 234 96 85
27 157 487 733 3039 1936 2007 3888 3357 1523 3477 359 81 130
27 158 3082 3836 3849 634 189 3672 3392 441 20 127 50 66
27 159 2720 385 1451 2565 1359 1763 3154 2986 1005 855 184 75
27 160 1482 1109 663 3395 1450 3636 636 3093 3427 3426 207 210
27 161 1622 2752 1417 311 3734 3230 979 3441 2450 250 5 223
27 162 3785 2339 2923 1038 1496 1988 2207 3761 2922 3532 69 86
27 163 3627 1430 3910 3263 3995 1555 3787 1448 2736 661 187 130
27 164 3251 3812 1740 3718 1567 477 2285 2719 355 599 146 140
27 165 2036 2052 515 2622 3298 983 311 1781 1669 2157 112 38
27 166 808 57 51 3806 3596 949 2687 2743 3496 1333 112 223
27 167 1627 1836 2451 694 2657 1125 2667 2944 3120 569 235 232
27 168 827 2984 3056 2154 1858 106 928 3827 2951 2342 93 48
27 169 2206 2934 703 366 836 219 268 4023 2225 1706 166 170
27 170 1683 2971 3109 771 629 2491 3698 1394 2305 2649 133 49
27 171 332 1871 2468 3281 1483 2938 1461 1321 1090 2721 144 52
27 172 1260 1888 2183 2981 3726 971 2504 2743 3076 3225 110 81
27 173 1069 1383 1937 3053 904 1384 3797 4013 4030 2296 46 100
27 174 3093 1449 2819 1522 2060 548 2252 682 1970 2960 122 57
27 175 2969 1745 11 2870 325 1551 2317 3898 619 2521 253 245
27 176 209 2891 916 2735 1663 3631 472 1396 623 2583 187 85
27 177 3709 804 2507 3810 762 1277 1397 175 1743 2680 180 87
27 178 856 450 272 3012 2670 2814 95 740 2767 362 147 243
27 179 1276 2270 2685 1261 3801 1828 1845 298 2310 1141 196 7
27 180 533 1833 794 2718 464 2501 2404 143 3445 317 165 106
27 181 3786 2398 3330 1429 964 1882 942 339 956 1336 186 11
27 182 2216 3588 143 526 2996 2330 1695 3241 2738 3793 24 216
27 183 3024 2472 2860 1949 2515 3000 1105 3729 3517 1380 227 244
27 184 1508 1465 1692 2601 3515 1147 3965 3983 2929 1034 38 111
27 185 3373 2755 70 1356 113 573 2436 3953 1998 217 200 244
27 186 2127 2576 1124 2057 3770 774 1758 3296 1797 111 0 76
27 187 465 1788 1963 1420 3646 3178 195 580 2497 3515 246 250
27 188 2183 3352 733 1096 1083 1569 279 2461 2350 1667 126 104
27 189 1698 1603 2988 1742 845 485 2299 1215 4043 992 27 235
27 190 1082 3428 2065 202 827 2834 1360 2126 1751 3459 164 15
27 191 1689 3210 2766 739 3237 1881 78 795 2280 1205 103 231
27 192 1067 3783 1183 3858 1068 1957 1606 798 968 3890 236 237
27 193 2980 171 1671 1506 1953 3954 115 3285 891 608 83 23
27 194 786 62 569 842 2930 2251 1320 1276 2084 2041 239 172
27 195 2148 417 902 231 178 2852 3189 77 2839 1988 28 21
27 196 250 901 3206 1693 1128 3511 1467 1338 1693 1646 211 155
27 197 3630 1099 2410 1008 2074 419 1234 1577 1584 3944 166 93
27 198 1827 2206 512 3038 58 3586 3864 1136 115 2815 142 236
27 199 2636 3215 1927 608 497 3817 2940 3025 778 2780 39 84
27 200 3391 144 1845 321 2059 198 1099 3608 3264 1832 115 131
27 201 2395 1107 326 1022 3042 789 1978 1043 1502 2923 20 87
27 202 1047 836 1096 3711 2926 3492 1844 2225 3197 3340 156 198
27 203 653 1444 836 3957 3949 3465 3557 575 1616 2088 122 223
27 204 2470 615 1615 724 2991 2496 3272 2367 212 3795 20 26
27 205 3718 593 1361 1267 3877 2890 1005 3465 3171 1567 140 58
27 206 2747 77 1300 3234 1737 2018 3790 2791 2 3608 89 202
27 207 2849 878 2353 3948 464 2881 2516 2060 3734 4005 147 72
27 208 1145 2058 1719 910 2767 533 1349 3669 3046 3128 179 167
27 209 490 3380 2556 2454 1068 2590 2992 3203 3719 3204 37 208
27 210 3287 345 776 3648 2310 2346 666 2712 1635 2281 83 149
27 211 3620 61 2143 1581 3975 82 1451 496 2051 2125 46 103
27 212 738 3383 3407 1349 1608 1524 500 3234 1845 371 190 187
27 213 3874 3083 347 815 868 4018 1988 792 3221 2703 202 97
27 214 3065 711 1830 1327 224 3627 1227 171 463 491 28 66
27 215 624 1120 483 2175 698 2361 749 643 648 3697 241 81
27 216 2223 717 3196 3185 786 1067 298 493 2696 577 56 151
27 217 3753 709 2848 612 342 3620 941 1150 387 2596 237 164
27 218 1578 2645 1874 581 1714 3956 1395 2791 3094 2070 116 85
27 219 0 1989 399 1417 1431 982 3837 442 227 1421 38 190
27 220 3112 236 2687 1064 1226 426 1465 3581 3419 1221 236 33
27 221 90 1169 607 3740 2127 1908 2445 2412 1094 845 55 178
27 222 2934 388 621 2331 2423 1973 230 1076 1570 1278 128 49
27 223 2032 3228 3797 2193 2759 3528 3167 2925 2463 1732 221 3
27 224 1913 2835 3324 2114 3018 128 628 152 1520 333 34 82
27 225 2448 2111 1194 863 1946 2592 265 442 1707 3206 175 245
27 226 2920 850 1468 774 618 3067 2838 312 2066 3098 245 133
27 227 3290 3316 1450 32 2422 2894 3573 883 1596 405 167 248
27 228 1646 2495 2678 3541 3406 635 1679 2374 2633 627 198 170
27 229 2437 1820 885 2387 896 1415 3459 2590 1470 2722 249 150
27 230 3435 1981 2850 63 549 215 663 1402 367 2788 200 188
27 231 3994 91 3744 1467 1295 2566 1955 3236 765 3039 193 116
27 232 433 1265 2735 2841 145 715 219 1742 3935 1312 164 28
27 233 2614 1433 2323 63 46 2665 1757 1744 2466 120 250 237
27 234 2473 2981 1760 668 3973 3254 539 1378 2240 2416 96 108
27 235 2763 193 1578 3017 1980 2993 3403 3701 90 423 200 176
27 236 1485 3624 2956 2628 716 414 2924 2839 2489 2134 12 253
27 237 2461 3300 662 3658 110 772 3995 1159 1654 3900 143 117
27 238 110 202 507 820 132 3881 3286 3765 3051 2589 196 201
27 239 2438 661 1275 3251 489 3949 2416 3007 352 1387 226 65
27 240 2925 385 718 1614 157 1892 758 3847 3201 3509 8 123
27 241 1140 2892 3698 92 1579 984 2560 665 2676 1605 183 56
27 242 1860 2281 2070 2109 348 2462 1083 3420 49 2392 208 146
27 243 3304 2373 2406 990 833 1208 2421 183 3196 3978 244 2
27 244 3773 606 217 2510 572 2860 490 3687 2721 2240 140 133
27 245 88 1472 3385 1178 3632 2499 1679 3965 88 860 73 63
27 246 3127 2050 1010 2000 4010 1797 668 3806 523 3521 93 131
27 247 908 2721 1310 754 847 1522 3902 2613 2929 3777 83 8
27 248 999 3483 3376 1625 2662 2020 1597 3612 1584 3919 167 62
27 249 226 1999 1055 1389 2568 3908 2474 3916 3345 585 32 133
27 250 2098 1972 3604 3587 2087 1163 3021 1824 1268 2195 247 195
27 251 812 439 1687 1590 637 1915 77 3025 2890 2170 109 143
27 252 1814 569 3510 2313 3702 3900 2400 2958 138 2426 49 237
27 253 3023 265 2774 3132 3487 795 949 890 297 3462 75 100
27 254 1888 2974 1823 2413 1264 384 2880 491 1065 1275 13 88
27 255 420 887 3042 3281 407 656 3494 1536 3110 1960 127 108
27 0 1653 599 237 403 3974 1827 1896 3203 2607 376 117 113
27 1 312 3867 1330 3116 575 710 116 1152 2291 3408 193 137
27 2 2667 958 3156 228 3614 3732 105 3301 369 2127 28 17
27 3 494 2576 2516 713 3975 1169 2474 3259 418 3566 196 125
27 4 303 2930 538 2574 2609 295 3879 2947 698 1118 240 41
27 5 3514 3510 2054 2726 1395 2309 136 2293 2857 2129 14 93
27 6 415 2101 3832 2273 2893 2901 2426 2741 1655 620 227 123
27 7 3141 144 2398 2854 2297 2397 2782 1431 592 776 35 149
27 8 1584 1452 2878 3954 4019 3640 1552 277 2442 172 116 233
27 9 1454 3976 2500 2224 1478 950 757 1903 2604 930 0 124
27 10 3207 3360 3406 1338 2361 1074 2664 2819 976 3431 21 207
27 11 869 263 2421 815 824 1010 2533 397 2158 1387 225 116
27 12 3937 2017 3357 2934 3111 3173 3190 1440 3245 1915 220 236
27 13 3888 800 3648 1426 4004 3672 2685 2406 962 565 221 162
27 14 1965 544 3511 2438 3835 1434 2083 2037 341 3410 4 227
27 15 3944 1540 3274 2827 1647 1009 2785 2130 255 2274 208 175
27 16 2415 1746 3066 624 39 1852 2892 2283 2509 3168 61 191
27 17 251 1101 2508 2994 3158 331 2021 336 143 1426 146 154
27 18 286 3282 152 2556 3375 2460 2688 2834 3691 205 209 24
27 19 2538 118 3666 608 393 696 3061 287 3163 2134 128 35
27 20 36 605 376 1207 3566 2189 3333 316 3502 1274 148 52
27 21 1482 94 252 1719 2889 1965 1166 100 1265 3437 92 51
27 22 1955 630 3220 1171 3408 1671 2898 3649 323 171 36 75
27 23 2085 2186 3839 1271 208 741 868 1033 3735 1144 237 103
27 24 3468 1634 153 931 1048 3686 820 2459 1111 2272 122 79
27 25 1081 387 2499 2120 423 3774 3420 4026 4078 2010 2 165
27 26 167 3275 1548 4001 1945 1227 3212 1130 1998 3990 81 70
27 27 341 818 3556 2293 47 3928 754 3721 3716 1100 177 58
27 28 1616 223 354 619 1183 2904 45 3407 2303 632 207 186
27 29 2017 2185 2067 3884 2556 3483 3730 3657 3184 210 253 144
27 30 3958 1904 2437 607 3941 1365 1119 3571 1683 2868 16 176
27 31 3828 3099 2228 2817 2963 1521 1057 3252 1635 1318 52 241
27 32 2685 1716 1076 3269 1374 1967 673 1535 1610 3601 109 54
27 33 2398 1505 192 1931 2705 3718 3283 1959 81 713 46 95
27 34 2043 3108 1633 131 1743 310 3233 3747 2577 2729 169 252
27 35 3966 1109 2594 3396 2085 397 660 2595 907 2720 215 238
27 36 2621 2847 3475 264 178 2173 1796 1105 1496 2608 88 132
27 37 683 1465 1724 459 435 3739 1954 1996 3185 1665 137 192
27 38 1249 2822 228 1828 3378 1404 2499 1121 1385 9 166 87
27 39 1517 2287 2081 355 1521 1260 655 3308 1767 3741 48 7
27 40 1243 1343 194 972 659 3119 1290 3566 253 2040 107 90
27 41 3971 32 507 3475 204 3516 129 526 3400 715 201 18
27 42 498 2228 2800 3577 3145 246 4025 981 948 1759 131 158
27 43 413 2103 3556 1702 2498 237 948 517 1144 269 171 249
27 44 3458 2132 740 1416 2846 917 1796 59 4 2580 12 84
27 45 288 389 431 1771 3655 2693 2229 1445 2673 3333 30 80
27 46 1562 1359 2312 249 1135 435 2293 3109 1642 1539 91 198
27 47 40 2429 1311 3796 2722 2318 1926 2055 811 2100 69 223
27 48 2014 2012 2683 1714 3086 93 3015 2559 2584 1592 89 98
27 49 2111 3607 332 57 207 2967 2527 1223 1742 2213 218 8
27 50 1348 2836 560 3611 3679 1634 2059 152 1784 3461 156 84
27 51 1225 1743 419 2484 3901 1264 137 2664 3553 159 55 25
27 52 2393 3254 1804 1217 28 3959 2757 707 1617 1051 92 182
27 53 2650 3013 1829 1636 3503 752 1603 1740 104 1803 170 74
27 54 2491 3939 2762 2998 244 1011 493 1366 1451 2128 180 71
27 55 1596 733 261 76 30 3505 1183 62 531 3406 167 189
27 56 1726 2274 1144 878 2150 1746 3697 3084 2747 3400 181 185
27 57 908 3167 2060 3539 1235 624 1700 490 171 2136 60 147
27 58 2569 2812 3545 3681 3112 1907 79 3141 2594 2879 69 140
27 59 3259 2038 2966 3108 911 47 2635 1922 217 1873 218 141
27 60 920 2302 3139 2989 3109 1884 894 514 3202 3604 208 247
27 61 3663 2227 3828 1198 197 1845 708 2489 3104 2762 243 194
27 62 1626 668 4001 307 3512 979 1060 2284 925 1430 78 106
27 63 162 776 1547 1155 2908 2379 1393 1002 3636 3466 224 98
27 64 1106 1290 3760 1719 660 997 383 3500 45 1221 16 17
27 65 3296 1551 3890 2811 3504 2718 1224 2640 699 2753 156 134
27 66 2296 2787 739 1571 62 865 1566 3314 2004 278 226 117
27 67 2379 2595 2645 2896 3536 1602 1203 3052 528 1578 201 28
27 68 2232 580 642 1155 1551 411 391 432 2503 544 130 41
27 69 537 3748 3543 321 416 811 2065 708 3984 782 19 207
27 70 3952 3631 2341 584 3828 556 3761 3742 1146 323 87 0
27 71 1330 2966 2057 785 3446 3412 2644 2721 1705 3184 80 21
27 72 1044 2507 3067 135 2736 2063 1161 2423 3074 2264 140 91
27 73 3988 896 150 2247 1854 1466 1795 1391 2293 3161 253 59
27 74 363 2305 3015 3545 151 835 2735 3832 3648 1051 111 134
27 75 2833 623 2713 3726 3480 160 1720 3455 2646 685 140 15
27 76 145 1375 1023 1851 2130 2093 2936 742 2416 3616 159 34
27 77 2254 2131 1123 661 1463 939 545 2822 90 3572 244 138
27 78 148 2135 3214 877 1856 2485 1260 646 219 483 145 33
27 79 932 3006 1112 206 3426 1829 609 3708 3670 340 37 34
27 80 1818 1054 722 661 2738 1063 1319 2725 853 2407 99 208
27 81 544 170 2513 785 1589 764 1998 3872 774 3371 183 141
27 82 2296 3663 1596 1435 3852 50 1306 3344 4001 3397 246 117
27 83 3109 1394 2393 3736 607 2402 3954 3473 1734 1667 125 177
27 84 3706 424 1653 2317 2632 1546 3722 442 2768 1059 233 250
27 85 3879 1526 1458 1666 3107 3500 909 3893 2223 3591 217 147
27 86 288 1930 405 2875 340 1415 2797 1691 1264 677 86 166
27 87 879 505 303 3218 2329 533 1615 2324 3001 1955 102 215
27 88 2941 507 1803 2009 177 646 3186 1838 4016 2653 223 107
27 89 764 3940 1082 848 940 27 3232 1083 1236 558 116 220
27 90 1784 69 1595 2786 3412 37 2968 3824 651 2414 154 193
27 91 3774 3779 877 2853 476 223 3258 1788 2079 3869 205 214
27 92 2125 1910 1017 433 2920 3753 1908 1862 313 2600 184 145
27 93 1019 3685 1403 2272 2812 3751 267 394 1539 2536 212 138
27 94 2442 1984 817 904 1800 3290 813 3829 283 658 15 176
27 95 397 2366 3495 1110 3027 1181 3574 640 2534 3791 237 10
27 96 85 2425 1441 3531 806 1059 3521 682 3617 952 99 237
27 97 3296 839 233 187 3068 48 2321 2201 1631 896 176 141
27 98 1443 250 3706 2244 393 3925 3680 2738 288 2466 16 43
27 99 1942 2715 398 2028 808 3504 103 3255 737 3560 254 211
27 100 0 4002 421 1023 937 227 2158 1280 1099 2544 244 8
27 101 2596 889 86 744 1433 628 1621 1438 2694 3070 208 22
27 102 2540 3250 474 237 2835 2885 2019 1805 2479 1122 186 34
27 103 3252 326 1750 3728 2855 341 1519 3831 2008 2669 103 143
27 104 1081 1585 1417 451 3690 1687 2893 1201 103 430 223 217
27 105 3331 1866 310 2508 61 2674 3674 272 812 3534 67 8
27 106 816 615 52 634 2433 2905 138 3341 2487 721 32 181
27 107 1571 3505 2387 2471 2555 1036 1617 2137 84 2158 233 128
27 108 1932 2084 592 15 1636 2383 1873 3842 3819 420 30 195
27 109 2072 1322 3068 1296 2292 2282 2787 775 3017 686 137 98
27 110 2971 1592 3753 483 3822 2113 328 2617 1802 3892 237 160
27 111 3293 3721 3638 409 3311 3796 1137 947 2062 514 87 67
27 112 227 1210 3101 3706 1203 2906 300 667 2974 963 224 248
27 113 1374 2854 3162 2842 935 2362 818 3290 2907 406 78 184
27 114 377 1251 30 3421 182 1770 1775 376 3802 3613 39 169
27 115 94 3518 2548 2413 525 364 3281 2108 3397 2044 59 187
27 116 3145 2451 2610 3513 817 166 3955 3875 199 834 196 238
27 117 2992 3695 484 3473 99 1313 1003 2335 974 119 142 155
27 118 3826 2857 1685 192 754 645 3923 3058 1400 3604 78 23
27 119 1376 1950 2463 3050 3585 851 3700 747 430 261 144 5
27 120 3977 205 3284 1798 3801 2531 1017 1536 2298 3657 254 211
27 121 1705 3699 140 1245 3634 2623 1169 1581 672 772 79 143
27 122 3828 2535 1234 707 3134 2912 1990 3149 1705 2109 23 149
27 123 3326 953 554 1878 3990 1480 3390 1943 2628 2618 239 100
27 124 558 2919 3140 1494 2823 3424 815 3035 3381 1199 15 118
27 125 3908 1857 1670 3844 3263 307 1095 1916 114 3025 70 244
27 126 1352 3646 1654 1790 3092 2058 1724 176 1349 4060 151 180
27 127 1204 2782 1799 2265 3798 2185 3601 3095 3924 1721 62 183
27 128 3716 1761 38 2944 950 3371 3817 3129 1574 2283 108 188
27 129 220 1896 3333 1261 3798 1114 3728 3651 270 2822 147 128
27 130 3962 2987 1606 774 561 786 455 1219 2965 577 244 73
27 131 93 379 1579 1914 3917 823 3664 3362 3185 107 93 226
27 132 1557 985 1501 2876 3008 3764 3290 3234 2940 4056 183 141
27 133 1452 951 3931 1695 2656 3061 1775 3960 893 3891 232 164
27 134 724 1934 1861 2643 687 1223 3387 3276 2790 1917 24 235
27 135 1491 2816 424 768 230 2767 3583 1263 44 1770 93 194
27 136 524 2447 1164 3232 960 137 214 3484 1088 18 108 197
27 137 2287 3005 796 3458 458 2243 2150 947 537 1430 61 4
27 138 1570 2342 3445 3005 3817 217 2347 1938 3050 330 217 89
27 139 1297 1659 3538 2289 203 1586 2943 3189 3194 73 170 30
27 140 148 3361 2134 2916 338 3930 2798 175 1737 710 13 40
27 141 2335 490 3610 3644 3774 1826 2105 3850 667 2356 1 100
