27 0 41 0 46 0 51 0 56 0 61 0 66 0 71 0 76 0 59 8 64 8 214 235 
27 1 97 12 102 12 107 12 112 12 117 12 122 12 127 12 132 12 126 13 131 13 3 33 
27 2 146 11 151 11 156 11 161 11 166 11 171 11 176 11 181 11 174 15 179 15 95 95 
27 3 209 12 214 12 219 12 224 12 229 12 234 12 239 12 244 12 211 1 216 1 16 236 
27 4 179 11 184 11 189 11 194 11 199 11 204 11 209 11 214 11 178 14 183 14 237 81 
27 5 135 1 140 1 145 1 150 1 155 1 160 1 165 1 170 1 30 9 35 9 77 153 
27 6 36 1 41 1 46 1 51 1 56 1 61 1 66 1 71 1 112 0 117 0 81 101 
27 7 134 14 139 14 144 14 149 14 154 14 159 14 164 14 169 14 207 13 212 13 92 51 
27 8 211 10 216 10 221 10 226 10 231 10 236 10 241 10 246 10 30 13 35 13 84 22 
27 9 131 6 136 6 141 6 146 6 151 6 156 6 161 6 166 6 223 6 228 6 205 204 
27 10 191 2 196 2 201 2 206 2 211 2 216 2 221 2 226 2 33 13 38 13 212 243 
27 11 137 6 142 6 147 6 152 6 157 6 162 6 167 6 172 6 62 2 67 2 96 61 
27 12 253 0 2 1 7 1 12 1 17 1 22 1 27 1 32 1 218 10 223 10 47 104 
27 13 150 2 155 2 160 2 165 2 170 2 175 2 180 2 185 2 37 0 42 0 147 109 
27 14 211 2 216 2 221 2 226 2 231 2 236 2 241 2 246 2 25 6 30 6 244 13 
27 15 60 1 65 1 70 1 75 1 80 1 85 1 90 1 95 1 219 11 224 11 5 57 
27 16 32 1 37 1 42 1 47 1 52 1 57 1 62 1 67 1 196 5 201 5 115 17 
27 17 192 12 197 12 202 12 207 12 212 12 217 12 222 12 227 12 150 8 155 8 161 90 
27 18 50 15 55 15 60 15 65 15 70 15 75 15 80 15 85 15 79 10 84 10 145 50 
27 19 190 11 195 11 200 11 205 11 210 11 215 11 220 11 225 11 167 9 172 9 168 233 
27 20 45 14 50 14 55 14 60 14 65 14 70 14 75 14 80 14 97 1 102 1 114 64 
27 21 196 10 201 10 206 10 211 10 216 10 221 10 226 10 231 10 76 14 81 14 121 236 
27 22 139 7 144 7 149 7 154 7 159 7 164 7 169 7 174 7 232 6 237 6 114 54 
27 23 114 2 119 2 124 2 129 2 134 2 139 2 144 2 149 2 71 12 76 12 182 118 
27 24 118 0 123 0 128 0 133 0 138 0 143 0 148 0 153 0 34 8 39 8 234 221 
27 25 65 3 70 3 75 3 80 3 85 3 90 3 95 3 100 3 181 9 186 9 49 78 
27 26 144 10 149 10 154 10 159 10 164 10 169 10 174 10 179 10 214 6 219 6 207 11 
27 27 89 14 94 14 99 14 104 14 109 14 114 14 119 14 124 14 144 7 149 7 176 185 
27 28 108 11 113 11 118 11 123 11 128 11 133 11 138 11 143 11 152 10 157 10 150 219 
27 29 217 10 222 10 227 10 232 10 237 10 242 10 247 10 252 10 231 12 236 12 252 192 
27 30 146 15 151 15 156 15 161 15 166 15 171 15 176 15 181 15 252 3 1 4 236 21 
27 31 51 9 56 9 61 9 66 9 71 9 76 9 81 9 86 9 227 0 232 0 195 19 
27 32 31 0 36 0 41 0 46 0 51 0 56 0 61 0 66 0 32 15 37 15 65 130 
27 33 173 3 178 3 183 3 188 3 193 3 198 3 203 3 208 3 250 4 255 4 196 115 
27 34 35 12 40 12 45 12 50 12 55 12 60 12 65 12 70 12 25 6 30 6 157 117 
27 35 129 13 134 13 139 13 144 13 149 13 154 13 159 13 164 13 17 0 22 0 213 183 
27 36 129 11 134 11 139 11 144 11 149 11 154 11 159 11 164 11 217 2 222 2 79 68 
27 37 221 0 226 0 231 0 236 0 241 0 246 0 251 0 0 1 180 8 185 8 47 211 
27 38 178 13 183 13 188 13 193 13 198 13 203 13 208 13 213 13 248 2 253 2 93 98 
27 39 132 3 137 3 142 3 147 3 152 3 157 3 162 3 167 3 121 15 126 15 147 125 
27 40 130 5 135 5 140 5 145 5 150 5 155 5 160 5 165 5 221 8 226 8 84 137 
27 41 12 6 17 6 22 6 27 6 32 6 37 6 42 6 47 6 89 9 94 9 55 216 
27 42 18 14 23 14 28 14 33 14 38 14 43 14 48 14 53 14 60 15 65 15 91 236 
27 43 94 5 99 5 104 5 109 5 114 5 119 5 124 5 129 5 24 11 29 11 6 51 
27 44 20 13 25 13 30 13 35 13 40 13 45 13 50 13 55 13 189 10 194 10 33 4 
27 45 25 1 30 1 35 1 40 1 45 1 50 1 55 1 60 1 132 2 137 2 53 214 
27 46 114 9 119 9 124 9 129 9 134 9 139 9 144 9 149 9 70 13 75 13 15 218 
27 47 79 8 84 8 89 8 94 8 99 8 104 8 109 8 114 8 211 1 216 1 158 103 
27 48 136 2 141 2 146 2 151 2 156 2 161 2 166 2 171 2 241 7 246 7 212 126 
27 49 6 9 11 9 16 9 21 9 26 9 31 9 36 9 41 9 223 9 228 9 118 79 
27 50 5 9 10 9 15 9 20 9 25 9 30 9 35 9 40 9 198 13 203 13 65 111 
27 51 88 2 93 2 98 2 103 2 108 2 113 2 118 2 123 2 135 4 140 4 199 191 
27 52 238 10 243 10 248 10 253 10 2 11 7 11 12 11 17 11 137 6 142 6 104 43 
27 53 52 7 57 7 62 7 67 7 72 7 77 7 82 7 87 7 139 15 144 15 199 62 
27 54 123 12 128 12 133 12 138 12 143 12 148 12 153 12 158 12 35 0 40 0 33 63 
27 55 219 9 224 9 229 9 234 9 239 9 244 9 249 9 254 9 51 6 56 6 244 68 
27 56 120 13 125 13 130 13 135 13 140 13 145 13 150 13 155 13 148 2 153 2 198 243 
27 57 68 2 73 2 78 2 83 2 88 2 93 2 98 2 103 2 108 13 113 13 8 236 
27 58 5 14 10 14 15 14 20 14 25 14 30 14 35 14 40 14 92 1 97 1 214 127 
27 59 216 1 221 1 226 1 231 1 236 1 241 1 246 1 251 1 100 12 105 12 178 52 
27 60 246 7 251 7 0 8 5 8 10 8 15 8 20 8 25 8 145 14 150 14 85 77 
27 61 118 15 123 15 128 15 133 15 138 15 143 15 148 15 153 15 53 8 58 8 180 193 
27 62 84 12 89 12 94 12 99 12 104 12 109 12 114 12 119 12 3 13 8 13 137 84 
27 63 16 1 21 1 26 1 31 1 36 1 41 1 46 1 51 1 111 14 116 14 183 206 
27 64 58 9 63 9 68 9 73 9 78 9 83 9 88 9 93 9 28 3 33 3 5 128 
27 65 77 7 82 7 87 7 92 7 97 7 102 7 107 7 112 7 198 14 203 14 129 141 
27 66 89 7 94 7 99 7 104 7 109 7 114 7 119 7 124 7 40 13 45 13 122 36 
27 67 229 7 234 7 239 7 244 7 249 7 254 7 3 8 8 8 73 6 78 6 242 171 
27 68 52 15 57 15 62 15 67 15 72 15 77 15 82 15 87 15 99 15 104 15 230 2 
27 69 40 10 45 10 50 10 55 10 60 10 65 10 70 10 75 10 206 9 211 9 93 94 
27 70 69 7 74 7 79 7 84 7 89 7 94 7 99 7 104 7 114 9 119 9 141 99 
27 71 183 12 188 12 193 12 198 12 203 12 208 12 213 12 218 12 63 0 68 0 157 130 
27 72 182 0 187 0 192 0 197 0 202 0 207 0 212 0 217 0 57 8 62 8 58 61 
27 73 105 2 110 2 115 2 120 2 125 2 130 2 135 2 140 2 235 12 240 12 142 77 
27 74 169 0 174 0 179 0 184 0 189 0 194 0 199 0 204 0 106 8 111 8 221 104 
27 75 136 15 141 15 146 15 151 15 156 15 161 15 166 15 171 15 139 10 144 10 73 132 
27 76 145 5 150 5 155 5 160 5 165 5 170 5 175 5 180 5 71 9 76 9 119 229 
27 77 113 13 118 13 123 13 128 13 133 13 138 13 143 13 148 13 52 5 57 5 55 210 
27 78 182 6 187 6 192 6 197 6 202 6 207 6 212 6 217 6 169 14 174 14 74 183 
27 79 23 1 28 1 33 1 38 1 43 1 48 1 53 1 58 1 176 5 181 5 112 34 
27 80 245 9 250 9 255 9 4 10 9 10 14 10 19 10 24 10 53 4 58 4 231 199 
27 81 193 0 198 0 203 0 208 0 213 0 218 0 223 0 228 0 185 10 190 10 237 16 
27 82 30 1 35 1 40 1 45 1 50 1 55 1 60 1 65 1 251 14 0 15 8 217 
27 83 199 1 204 1 209 1 214 1 219 1 224 1 229 1 234 1 170 4 175 4 9 226 
27 84 244 12 249 12 254 12 3 13 8 13 13 13 18 13 23 13 221 0 226 0 176 23 
27 85 57 1 62 1 67 1 72 1 77 1 82 1 87 1 92 1 65 15 70 15 75 163 
27 86 144 3 149 3 154 3 159 3 164 3 169 3 174 3 179 3 68 10 73 10 47 35 
27 87 57 1 62 1 67 1 72 1 77 1 82 1 87 1 92 1 144 12 149 12 16 178 
27 88 62 14 67 14 72 14 77 14 82 14 87 14 92 14 97 14 114 13 119 13 226 64 
27 89 124 12 129 12 134 12 139 12 144 12 149 12 154 12 159 12 22 15 27 15 244 121 
27 90 255 5 4 6 9 6 14 6 19 6 24 6 29 6 34 6 0 0 5 0 208 11 
27 91 44 0 49 0 54 0 59 0 64 0 69 0 74 0 79 0 185 4 190 4 27 174 
27 92 229 4 234 4 239 4 244 4 249 4 254 4 3 5 8 5 80 14 85 14 144 185 
27 93 233 2 238 2 243 2 248 2 253 2 2 3 7 3 12 3 199 0 204 0 181 153 
27 94 218 1 223 1 228 1 233 1 238 1 243 1 248 1 253 1 154 13 159 13 128 248 
27 95 227 10 232 10 237 10 242 10 247 10 252 10 1 11 6 11 189 6 194 6 108 251 
27 96 154 8 159 8 164 8 169 8 174 8 179 8 184 8 189 8 41 14 46 14 212 79 
27 97 34 5 39 5 44 5 49 5 54 5 59 5 64 5 69 5 4 5 9 5 9 119 
27 98 116 1 121 1 126 1 131 1 136 1 141 1 146 1 151 1 215 14 220 14 103 20 
27 99 159 13 164 13 169 13 174 13 179 13 184 13 189 13 194 13 173 14 178 14 123 17 
27 100 237 6 242 6 247 6 252 6 1 7 6 7 11 7 16 7 56 14 61 14 233 118 
27 101 168 4 173 4 178 4 183 4 188 4 193 4 198 4 203 4 179 6 184 6 42 65 
27 102 189 4 194 4 199 4 204 4 209 4 214 4 219 4 224 4 209 13 214 13 212 19 
27 103 223 9 228 9 233 9 238 9 243 9 248 9 253 9 2 10 65 10 70 10 13 139 
27 104 207 11 212 11 217 11 222 11 227 11 232 11 237 11 242 11 62 5 67 5 56 156 
27 105 187 11 192 11 197 11 202 11 207 11 212 11 217 11 222 11 76 11 81 11 165 53 
27 106 165 10 170 10 175 10 180 10 185 10 190 10 195 10 200 10 249 2 254 2 77 142 
27 107 198 4 203 4 208 4 213 4 218 4 223 4 228 4 233 4 96 10 101 10 59 250 
27 108 115 12 120 12 125 12 130 12 135 12 140 12 145 12 150 12 180 0 185 0 228 119 
27 109 222 8 227 8 232 8 237 8 242 8 247 8 252 8 1 9 28 2 33 2 235 233 
27 110 127 14 132 14 137 14 142 14 147 14 152 14 157 14 162 14 196 4 201 4 26 77 
27 111 213 12 218 12 223 12 228 12 233 12 238 12 243 12 248 12 24 1 29 1 140 179 
27 112 135 10 140 10 145 10 150 10 155 10 160 10 165 10 170 10 150 4 155 4 224 85 
27 113 16 10 21 10 26 10 31 10 36 10 41 10 46 10 51 10 220 4 225 4 218 37 
27 114 91 5 96 5 101 5 106 5 111 5 116 5 121 5 126 5 224 7 229 7 88 153 
27 115 11 15 16 15 21 15 26 15 31 15 36 15 41 15 46 15 176 3 181 3 253 159 
27 116 95 4 100 4 105 4 110 4 115 4 120 4 125 4 130 4 142 10 147 10 250 237 
27 117 244 11 249 11 254 11 3 12 8 12 13 12 18 12 23 12 134 7 139 7 85 167 
27 118 170 0 175 0 180 0 185 0 190 0 195 0 200 0 205 0 115 15 120 15 141 137 
27 119 43 0 48 0 53 0 58 0 63 0 68 0 73 0 78 0 4 9 9 9 24 9 
27 120 42 15 47 15 52 15 57 15 62 15 67 15 72 15 77 15 214 2 219 2 240 172 
27 121 41 6 46 6 51 6 56 6 61 6 66 6 71 6 76 6 156 8 161 8 75 127 
27 122 93 6 98 6 103 6 108 6 113 6 118 6 123 6 128 6 226 12 231 12 178 215 
27 123 86 11 91 11 96 11 101 11 106 11 111 11 116 11 121 11 132 10 137 10 123 116 
27 124 153 14 158 14 163 14 168 14 173 14 178 14 183 14 188 14 223 3 228 3 250 140 
27 125 240 4 245 4 250 4 255 4 4 5 9 5 14 5 19 5 80 0 85 0 82 211 
27 126 6 4 11 4 16 4 21 4 26 4 31 4 36 4 41 4 126 15 131 15 196 171 
27 127 107 9 112 9 117 9 122 9 127 9 132 9 137 9 142 9 239 3 244 3 243 100 
27 128 254 6 3 7 8 7 13 7 18 7 23 7 28 7 33 7 94 10 99 10 98 88 
27 129 172 3 177 3 182 3 187 3 192 3 197 3 202 3 207 3 145 1 150 1 47 59 
27 130 84 11 89 11 94 11 99 11 104 11 109 11 114 11 119 11 73 5 78 5 88 238 
27 131 109 1 114 1 119 1 124 1 129 1 134 1 139 1 144 1 225 2 230 2 2 180 
27 132 10 8 15 8 20 8 25 8 30 8 35 8 40 8 45 8 45 9 50 9 8 10 
27 133 29 13 34 13 39 13 44 13 49 13 54 13 59 13 64 13 20 9 25 9 102 8 
27 134 89 4 94 4 99 4 104 4 109 4 114 4 119 4 124 4 57 10 62 10 166 155 
27 135 156 9 161 9 166 9 171 9 176 9 181 9 186 9 191 9 186 7 191 7 243 99 
27 136 77 13 82 13 87 13 92 13 97 13 102 13 107 13 112 13 146 9 151 9 1 144 
27 137 67 3 72 3 77 3 82 3 87 3 92 3 97 3 102 3 142 14 147 14 207 25 
27 138 7 11 12 11 17 11 22 11 27 11 32 11 37 11 42 11 167 8 172 8 156 11 
27 139 90 6 95 6 100 6 105 6 110 6 115 6 120 6 125 6 153 4 158 4 111 97 
27 140 57 5 62 5 67 5 72 5 77 5 82 5 87 5 92 5 5 11 10 11 154 36 
27 141 128 3 133 3 138 3 143 3 148 3 153 3 158 3 163 3 240 2 245 2 37 167 
27 142 205 2 210 2 215 2 220 2 225 2 230 2 235 2 240 2 32 9 37 9 110 71 
27 143 167 1 172 1 177 1 182 1 187 1 192 1 197 1 202 1 95 14 100 14 4 230 
27 144 255 9 4 10 9 10 14 10 19 10 24 10 29 10 34 10 240 2 245 2 111 20 
27 145 53 0 58 0 63 0 68 0 73 0 78 0 83 0 88 0 90 2 95 2 14 154 
27 146 94 10 99 10 104 10 109 10 114 10 119 10 124 10 129 10 100 2 105 2 37 89 
27 147 228 9 233 9 238 9 243 9 248 9 253 9 2 10 7 10 147 11 152 11 57 188 
27 148 143 3 148 3 153 3 158 3 163 3 168 3 173 3 178 3 127 13 132 13 122 153 
27 149 163 2 168 2 173 2 178 2 183 2 188 2 193 2 198 2 156 2 161 2 183 212 
27 150 170 14 175 14 180 14 185 14 190 14 195 14 200 14 205 14 117 9 122 9 46 30 
27 151 179 5 184 5 189 5 194 5 199 5 204 5 209 5 214 5 185 5 190 5 161 20 
27 152 90 6 95 6 100 6 105 6 110 6 115 6 120 6 125 6 232 12 237 12 160 163 
27 153 10 15 15 15 20 15 25 15 30 15 35 15 40 15 45 15 14 4 19 4 94 6 
27 154 193 0 198 0 203 0 208 0 213 0 218 0 223 0 228 0 208 1 213 1 107 14 
27 155 20 6 25 6 30 6 35 6 40 6 45 6 50 6 55 6 201 7 206 7 231 205 
27 156 146 11 151 11 156 11 161 11 166 11 171 11 176 11 181 11 64 9 69 9 71 45 
27 157 109 9 114 9 119 9 124 9 129 9 134 9 139 9 144 9 25 1 30 1 220 120 
27 158 118 4 123 4 128 4 133 4 138 4 143 4 148 4 153 4 210 12 215 12 71 22 
27 159 168 1 173 1 178 1 183 1 188 1 193 1 198 1 203 1 208 15 213 15 222 83 
27 160 40 1 45 1 50 1 55 1 60 1 65 1 70 1 75 1 147 1 152 1 95 133 
27 161 107 3 112 3 117 3 122 3 127 3 132 3 137 3 142 3 128 14 133 14 68 100 
27 162 249 3 254 3 3 4 8 4 13 4 18 4 23 4 28 4 102 10 107 10 62 95 
27 163 145 4 150 4 155 4 160 4 165 4 170 4 175 4 180 4 53 13 58 13 150 223 
27 164 173 2 178 2 183 2 188 2 193 2 198 2 203 2 208 2 170 10 175 10 117 39 
27 165 198 7 203 7 208 7 213 7 218 7 223 7 228 7 233 7 59 11 64 11 228 189 
27 166 91 10 96 10 101 10 106 10 111 10 116 10 121 10 126 10 152 8 157 8 114 38 
27 167 79 1 84 1 89 1 94 1 99 1 104 1 109 1 114 1 67 2 72 2 227 210 
27 168 240 4 245 4 250 4 255 4 4 5 9 5 14 5 19 5 161 15 166 15 198 4 
27 169 191 14 196 14 201 14 206 14 211 14 216 14 221 14 226 14 158 0 163 0 222 132 
27 170 13 6 18 6 23 6 28 6 33 6 38 6 43 6 48 6 158 3 163 3 61 7 
27 171 163 9 168 9 173 9 178 9 183 9 188 9 193 9 198 9 143 3 148 3 119 130 
27 172 229 14 234 14 239 14 244 14 249 14 254 14 3 15 8 15 32 2 37 2 201 212 
27 173 215 0 220 0 225 0 230 0 235 0 240 0 245 0 250 0 247 1 252 1 53 22 
27 174 32 7 37 7 42 7 47 7 52 7 57 7 62 7 67 7 231 5 236 5 187 204 
27 175 110 10 115 10 120 10 125 10 130 10 135 10 140 10 145 10 96 7 101 7 232 4 
27 176 27 8 32 8 37 8 42 8 47 8 52 8 57 8 62 8 122 9 127 9 198 235 
27 177 239 8 244 8 249 8 254 8 3 9 8 9 13 9 18 9 69 13 74 13 219 248 
27 178 197 4 202 4 207 4 212 4 217 4 222 4 227 4 232 4 165 8 170 8 96 68 
27 179 242 3 247 3 252 3 1 4 6 4 11 4 16 4 21 4 185 6 190 6 204 135 
27 180 164 0 169 0 174 0 179 0 184 0 189 0 194 0 199 0 234 3 239 3 224 3 
27 181 7 14 12 14 17 14 22 14 27 14 32 14 37 14 42 14 54 10 59 10 198 52 
27 182 238 2 243 2 248 2 253 2 2 3 7 3 12 3 17 3 153 2 158 2 130 9 
27 183 47 1 52 1 57 1 62 1 67 1 72 1 77 1 82 1 170 12 175 12 188 27 
27 184 48 6 53 6 58 6 63 6 68 6 73 6 78 6 83 6 98 5 103 5 166 14 
27 185 97 11 102 11 107 11 112 11 117 11 122 11 127 11 132 11 79 11 84 11 125 152 
27 186 10 6 15 6 20 6 25 6 30 6 35 6 40 6 45 6 14 9 19 9 239 217 
27 187 7 2 12 2 17 2 22 2 27 2 32 2 37 2 42 2 179 6 184 6 239 134 
27 188 49 11 54 11 59 11 64 11 69 11 74 11 79 11 84 11 132 8 137 8 40 8 
27 189 62 1 67 1 72 1 77 1 82 1 87 1 92 1 97 1 2 13 7 13 166 18 
27 190 108 4 113 4 118 4 123 4 128 4 133 4 138 4 143 4 182 15 187 15 122 97 
27 191 58 2 63 2 68 2 73 2 78 2 83 2 88 2 93 2 109 4 114 4 66 18 
27 192 119 9 124 9 129 9 134 9 139 9 144 9 149 9 154 9 199 13 204 13 125 194 
27 193 223 7 228 7 233 7 238 7 243 7 248 7 253 7 2 8 195 5 200 5 28 123 
27 194 67 5 72 5 77 5 82 5 87 5 92 5 97 5 102 5 40 8 45 8 138 142 
27 195 105 9 110 9 115 9 120 9 125 9 130 9 135 9 140 9 131 7 136 7 204 91 
27 196 52 6 57 6 62 6 67 6 72 6 77 6 82 6 87 6 90 12 95 12 98 185 
27 197 197 4 202 4 207 4 212 4 217 4 222 4 227 4 232 4 222 6 227 6 119 233 
27 198 98 8 103 8 108 8 113 8 118 8 123 8 128 8 133 8 178 2 183 2 44 93 
27 199 150 5 155 5 160 5 165 5 170 5 175 5 180 5 185 5 56 4 61 4 238 37 
27 200 24 2 29 2 34 2 39 2 44 2 49 2 54 2 59 2 77 1 82 1 185 96 
27 201 113 12 118 12 123 12 128 12 133 12 138 12 143 12 148 12 132 11 137 11 163 129 
27 202 152 12 157 12 162 12 167 12 172 12 177 12 182 12 187 12 150 13 155 13 33 44 
27 203 1 1 6 1 11 1 16 1 21 1 26 1 31 1 36 1 226 0 231 0 99 165 
27 204 246 12 251 12 0 13 5 13 10 13 15 13 20 13 25 13 6 0 11 0 166 115 
27 205 99 1 104 1 109 1 114 1 119 1 124 1 129 1 134 1 67 9 72 9 109 61 
27 206 24 10 29 10 34 10 39 10 44 10 49 10 54 10 59 10 55 5 60 5 114 137 
27 207 75 0 80 0 85 0 90 0 95 0 100 0 105 0 110 0 17 6 22 6 77 86 
27 208 156 7 161 7 166 7 171 7 176 7 181 7 186 7 191 7 20 2 25 2 26 71 
27 209 125 8 130 8 135 8 140 8 145 8 150 8 155 8 160 8 139 15 144 15 19 75 
27 210 114 2 119 2 124 2 129 2 134 2 139 2 144 2 149 2 158 4 163 4 250 3 
27 211 53 2 58 2 63 2 68 2 73 2 78 2 83 2 88 2 182 14 187 14 201 71 
27 212 254 10 3 11 8 11 13 11 18 11 23 11 28 11 33 11 112 7 117 7 96 22 
27 213 96 15 101 15 106 15 111 15 116 15 121 15 126 15 131 15 160 8 165 8 82 80 
27 214 247 3 252 3 1 4 6 4 11 4 16 4 21 4 26 4 107 4 112 4 125 246 
27 215 65 10 70 10 75 10 80 10 85 10 90 10 95 10 100 10 219 7 224 7 252 106 
27 216 106 14 111 14 116 14 121 14 126 14 131 14 136 14 141 14 114 6 119 6 52 214 
27 217 77 11 82 11 87 11 92 11 97 11 102 11 107 11 112 11 125 8 130 8 251 192 
27 218 216 7 221 7 226 7 231 7 236 7 241 7 246 7 251 7 100 12 105 12 48 99 
27 219 47 1 52 1 57 1 62 1 67 1 72 1 77 1 82 1 18 1 23 1 38 231 
27 220 148 0 153 0 158 0 163 0 168 0 173 0 178 0 183 0 128 11 133 11 77 133 
27 221 37 12 42 12 47 12 52 12 57 12 62 12 67 12 72 12 250 13 255 13 130 170 
27 222 38 5 43 5 48 5 53 5 58 5 63 5 68 5 73 5 242 1 247 1 80 185 
27 223 33 13 38 13 43 13 48 13 53 13 58 13 63 13 68 13 178 11 183 11 173 106 
27 224 107 6 112 6 117 6 122 6 127 6 132 6 137 6 142 6 65 9 70 9 112 246 
27 225 233 1 238 1 243 1 248 1 253 1 2 2 7 2 12 2 152 1 157 1 7 138 
27 226 114 10 119 10 124 10 129 10 134 10 139 10 144 10 149 10 172 8 177 8 47 38 
27 227 247 14 252 14 1 15 6 15 11 15 16 15 21 15 26 15 193 11 198 11 53 114 
27 228 192 11 197 11 202 11 207 11 212 11 217 11 222 11 227 11 121 8 126 8 1 168 
27 229 153 7 158 7 163 7 168 7 173 7 178 7 183 7 188 7 65 6 70 6 239 152 
27 230 173 2 178 2 183 2 188 2 193 2 198 2 203 2 208 2 5 3 10 3 68 234 
27 231 210 2 215 2 220 2 225 2 230 2 235 2 240 2 245 2 56 7 61 7 167 35 
27 232 133 13 138 13 143 13 148 13 153 13 158 13 163 13 168 13 96 8 101 8 13 16 
27 233 119 15 124 15 129 15 134 15 139 15 144 15 149 15 154 15 99 9 104 9 240 24 
27 234 169 3 174 3 179 3 184 3 189 3 194 3 199 3 204 3 239 0 244 0 58 165 
27 235 179 7 184 7 189 7 194 7 199 7 204 7 209 7 214 7 188 6 193 6 72 150 
27 236 43 2 48 2 53 2 58 2 63 2 68 2 73 2 78 2 141 14 146 14 225 234 
27 237 164 8 169 8 174 8 179 8 184 8 189 8 194 8 199 8 146 2 151 2 32 169 
27 238 85 0 90 0 95 0 100 0 105 0 110 0 115 0 120 0 4 1 9 1 4 39 
27 239 124 1 129 1 134 1 139 1 144 1 149 1 154 1 159 1 161 4 166 4 196 166 
27 240 67 8 72 8 77 8 82 8 87 8 92 8 97 8 102 8 143 6 148 6 25 143 
27 241 1 12 6 12 11 12 16 12 21 12 26 12 31 12 36 12 20 3 25 3 7 27 
27 242 164 7 169 7 174 7 179 7 184 7 189 7 194 7 199 7 59 0 64 0 103 63 
27 243 173 3 178 3 183 3 188 3 193 3 198 3 203 3 208 3 192 13 197 13 193 198 
27 244 28 0 33 0 38 0 43 0 48 0 53 0 58 0 63 0 132 2 137 2 43 60 
27 245 47 4 52 4 57 4 62 4 67 4 72 4 77 4 82 4 93 7 98 7 44 51 
27 246 5 13 10 13 15 13 20 13 25 13 30 13 35 13 40 13 113 9 118 9 143 15 
27 247 168 0 173 0 178 0 183 0 188 0 193 0 198 0 203 0 119 1 124 1 241 74 
27 248 138 2 143 2 148 2 153 2 158 2 163 2 168 2 173 2 38 10 43 10 249 103 
27 249 174 2 179 2 184 2 189 2 194 2 199 2 204 2 209 2 170 5 175 5 171 9 
27 250 107 10 112 10 117 10 122 10 127 10 132 10 137 10 142 10 248 5 253 5 159 214 
27 251 141 5 146 5 151 5 156 5 161 5 166 5 171 5 176 5 225 0 230 0 156 186 
27 252 188 13 193 13 198 13 203 13 208 13 213 13 218 13 223 13 114 12 119 12 106 17 
27 253 97 14 102 14 107 14 112 14 117 14 122 14 127 14 132 14 20 14 25 14 65 76 
27 254 229 7 234 7 239 7 244 7 249 7 254 7 3 8 8 8 154 13 159 13 186 199 
27 255 29 5 34 5 39 5 44 5 49 5 54 5 59 5 64 5 215 15 220 15 52 38 
27 0 100 4 105 4 110 4 115 4 120 4 125 4 130 4 135 4 163 13 168 13 105 142 
27 1 167 1 172 1 177 1 182 1 187 1 192 1 197 1 202 1 175 11 180 11 216 28 
27 2 38 5 43 5 48 5 53 5 58 5 63 5 68 5 73 5 232 5 237 5 32 82 
27 3 153 13 158 13 163 13 168 13 173 13 178 13 183 13 188 13 244 3 249 3 226 110 
27 4 114 0 119 0 124 0 129 0 134 0 139 0 144 0 149 0 221 8 226 8 4 96 
27 5 34 1 39 1 44 1 49 1 54 1 59 1 64 1 69 1 75 3 80 3 161 82 
27 6 30 4 35 4 40 4 45 4 50 4 55 4 60 4 65 4 37 3 42 3 173 248 
27 7 163 13 168 13 173 13 178 13 183 13 188 13 193 13 198 13 162 5 167 5 31 24 
27 8 183 1 188 1 193 1 198 1 203 1 208 1 213 1 218 1 28 15 33 15 242 124 
27 9 179 11 184 11 189 11 194 11 199 11 204 11 209 11 214 11 28 4 33 4 24 84 
27 10 190 8 195 8 200 8 205 8 210 8 215 8 220 8 225 8 91 7 96 7 123 156 
27 11 123 6 128 6 133 6 138 6 143 6 148 6 153 6 158 6 28 15 33 15 181 31 
27 12 134 13 139 13 144 13 149 13 154 13 159 13 164 13 169 13 45 8 50 8 173 37 
27 13 122 4 127 4 132 4 137 4 142 4 147 4 152 4 157 4 240 7 245 7 32 100 
27 14 87 10 92 10 97 10 102 10 107 10 112 10 117 10 122 10 60 3 65 3 227 207 
27 15 98 0 103 0 108 0 113 0 118 0 123 0 128 0 133 0 218 12 223 12 222 65 
27 16 206 12 211 12 216 12 221 12 226 12 231 12 236 12 241 12 93 1 98 1 247 48 
27 17 90 7 95 7 100 7 105 7 110 7 115 7 120 7 125 7 28 2 33 2 10 240 
27 18 250 2 255 2 4 3 9 3 14 3 19 3 24 3 29 3 107 5 112 5 151 37 
27 19 90 13 95 13 100 13 105 13 110 13 115 13 120 13 125 13 209 13 214 13 73 81 
27 20 0 11 5 11 10 11 15 11 20 11 25 11 30 11 35 11 196 14 201 14 114 95 
27 21 146 2 151 2 156 2 161 2 166 2 171 2 176 2 181 2 229 0 234 0 40 230 
27 22 24 6 29 6 34 6 39 6 44 6 49 6 54 6 59 6 61 11 66 11 172 125 
27 23 163 2 168 2 173 2 178 2 183 2 188 2 193 2 198 2 24 3 29 3 176 134 
27 24 142 1 147 1 152 1 157 1 162 1 167 1 172 1 177 1 136 10 141 10 44 171 
27 25 164 4 169 4 174 4 179 4 184 4 189 4 194 4 199 4 137 12 142 12 223 123 
27 26 3 12 8 12 13 12 18 12 23 12 28 12 33 12 38 12 225 15 230 15 46 220 
27 27 31 14 36 14 41 14 46 14 51 14 56 14 61 14 66 14 78 0 83 0 229 75 
27 28 137 3 142 3 147 3 152 3 157 3 162 3 167 3 172 3 4 5 9 5 177 147 
27 29 113 8 118 8 123 8 128 8 133 8 138 8 143 8 148 8 102 7 107 7 54 129 
27 30 74 1 79 1 84 1 89 1 94 1 99 1 104 1 109 1 221 12 226 12 45 53 
27 31 109 11 114 11 119 11 124 11 129 11 134 11 139 11 144 11 170 10 175 10 102 16 
27 32 33 9 38 9 43 9 48 9 53 9 58 9 63 9 68 9 254 4 3 5 153 241 
27 33 154 10 159 10 164 10 169 10 174 10 179 10 184 10 189 10 40 14 45 14 226 59 
27 34 63 12 68 12 73 12 78 12 83 12 88 12 93 12 98 12 201 9 206 9 77 59 
27 35 81 1 86 1 91 1 96 1 101 1 106 1 111 1 116 1 63 10 68 10 104 25 
27 36 72 6 77 6 82 6 87 6 92 6 97 6 102 6 107 6 146 7 151 7 156 200 
27 37 128 4 133 4 138 4 143 4 148 4 153 4 158 4 163 4 221 7 226 7 92 34 
27 38 84 7 89 7 94 7 99 7 104 7 109 7 114 7 119 7 48 13 53 13 91 177 
27 39 201 8 206 8 211 8 216 8 221 8 226 8 231 8 236 8 66 9 71 9 104 204 
27 40 175 3 180 3 185 3 190 3 195 3 200 3 205 3 210 3 141 15 146 15 156 144 
27 41 163 1 168 1 173 1 178 1 183 1 188 1 193 1 198 1 195 5 200 5 235 190 
27 42 216 0 221 0 226 0 231 0 236 0 241 0 246 0 251 0 4 11 9 11 85 59 
27 43 248 11 253 11 2 12 7 12 12 12 17 12 22 12 27 12 218 3 223 3 63 9 
27 44 229 5 234 5 239 5 244 5 249 5 254 5 3 6 8 6 134 6 139 6 60 138 
27 45 5 14 10 14 15 14 20 14 25 14 30 14 35 14 40 14 123 3 128 3 62 118 
27 46 30 13 35 13 40 13 45 13 50 13 55 13 60 13 65 13 211 5 216 5 3 46 
27 47 254 1 3 2 8 2 13 2 18 2 23 2 28 2 33 2 194 8 199 8 174 109 
27 48 94 11 99 11 104 11 109 11 114 11 119 11 124 11 129 11 30 12 35 12 102 146 
27 49 167 13 172 13 177 13 182 13 187 13 192 13 197 13 202 13 138 6 143 6 109 89 
27 50 86 11 91 11 96 11 101 11 106 11 111 11 116 11 121 11 131 14 136 14 125 219 
27 51 156 11 161 11 166 11 171 11 176 11 181 11 186 11 191 11 233 8 238 8 112 47 
27 52 41 6 46 6 51 6 56 6 61 6 66 6 71 6 76 6 73 6 78 6 105 105 
27 53 10 14 15 14 20 14 25 14 30 14 35 14 40 14 45 14 20 15 25 15 23 244 
27 54 177 9 182 9 187 9 192 9 197 9 202 9 207 9 212 9 244 3 249 3 197 234 
27 55 148 5 153 5 158 5 163 5 168 5 173 5 178 5 183 5 30 7 35 7 72 102 
27 56 152 1 157 1 162 1 167 1 172 1 177 1 182 1 187 1 69 1 74 1 123 138 
27 57 175 14 180 14 185 14 190 14 195 14 200 14 205 14 210 14 102 7 107 7 104 161 
27 58 63 1 68 1 73 1 78 1 83 1 88 1 93 1 98 1 190 3 195 3 80 31 
27 59 166 0 171 0 176 0 181 0 186 0 191 0 196 0 201 0 36 9 41 9 147 97 
27 60 251 6 0 7 5 7 10 7 15 7 20 7 25 7 30 7 152 15 157 15 211 119 
27 61 119 13 124 13 129 13 134 13 139 13 144 13 149 13 154 13 163 3 168 3 178 212 
27 62 51 5 56 5 61 5 66 5 71 5 76 5 81 5 86 5 72 9 77 9 23 173 
27 63 211 2 216 2 221 2 226 2 231 2 236 2 241 2 246 2 86 6 91 6 88 241 
27 64 196 4 201 4 206 4 211 4 216 4 221 4 226 4 231 4 177 9 182 9 52 141 
27 65 162 13 167 13 172 13 177 13 182 13 187 13 192 13 197 13 233 2 238 2 244 111 
27 66 93 14 98 14 103 14 108 14 113 14 118 14 123 14 128 14 115 14 120 14 168 139 
27 67 93 14 98 14 103 14 108 14 113 14 118 14 123 14 128 14 170 8 175 8 213 61 
27 68 196 0 201 0 206 0 211 0 216 0 221 0 226 0 231 0 109 14 114 14 253 77 
27 69 146 5 151 5 156 5 161 5 166 5 171 5 176 5 181 5 17 14 22 14 242 17 
27 70 143 10 148 10 153 10 158 10 163 10 168 10 173 10 178 10 31 11 36 11 188 190 
27 71 228 5 233 5 238 5 243 5 248 5 253 5 2 6 7 6 23 12 28 12 148 12 
27 72 139 9 144 9 149 9 154 9 159 9 164 9 169 9 174 9 95 3 100 3 61 180 
27 73 104 4 109 4 114 4 119 4 124 4 129 4 134 4 139 4 63 8 68 8 190 99 
27 74 120 12 125 12 130 12 135 12 140 12 145 12 150 12 155 12 174 5 179 5 59 171 
27 75 137 13 142 13 147 13 152 13 157 13 162 13 167 13 172 13 67 15 72 15 118 158 
27 76 74 10 79 10 84 10 89 10 94 10 99 10 104 10 109 10 164 3 169 3 62 135 
27 77 133 3 138 3 143 3 148 3 153 3 158 3 163 3 168 3 62 15 67 15 77 107 
27 78 234 6 239 6 244 6 249 6 254 6 3 7 8 7 13 7 190 2 195 2 84 106 
27 79 78 2 83 2 88 2 93 2 98 2 103 2 108 2 113 2 131 2 136 2 197 118 
27 80 179 0 184 0 189 0 194 0 199 0 204 0 209 0 214 0 235 0 240 0 24 32 
27 81 42 0 47 0 52 0 57 0 62 0 67 0 72 0 77 0 120 10 125 10 132 93 
27 82 86 15 91 15 96 15 101 15 106 15 111 15 116 15 121 15 27 5 32 5 140 143 
27 83 115 6 120 6 125 6 130 6 135 6 140 6 145 6 150 6 210 8 215 8 73 170 
27 84 247 6 252 6 1 7 6 7 11 7 16 7 21 7 26 7 68 3 73 3 192 195 
27 85 216 1 221 1 226 1 231 1 236 1 241 1 246 1 251 1 222 11 227 11 74 231 
27 86 206 2 211 2 216 2 221 2 226 2 231 2 236 2 241 2 175 13 180 13 77 130 
27 87 122 11 127 11 132 11 137 11 142 11 147 11 152 11 157 11 89 7 94 7 77 55 
27 88 102 2 107 2 112 2 117 2 122 2 127 2 132 2 137 2 190 8 195 8 153 111 
27 89 15 8 20 8 25 8 30 8 35 8 40 8 45 8 50 8 36 0 41 0 152 133 
27 90 161 13 166 13 171 13 176 13 181 13 186 13 191 13 196 13 3 12 8 12 245 200 
27 91 2 14 7 14 12 14 17 14 22 14 27 14 32 14 37 14 106 5 111 5 183 200 
27 92 50 5 55 5 60 5 65 5 70 5 75 5 80 5 85 5 228 5 233 5 3 167 
27 93 177 1 182 1 187 1 192 1 197 1 202 1 207 1 212 1 62 13 67 13 136 205 
27 94 226 14 231 14 236 14 241 14 246 14 251 14 0 15 5 15 91 13 96 13 107 217 
27 95 142 15 147 15 152 15 157 15 162 15 167 15 172 15 177 15 166 12 171 12 27 149 
27 96 172 12 177 12 182 12 187 12 192 12 197 12 202 12 207 12 64 5 69 5 233 72 
27 97 63 14 68 14 73 14 78 14 83 14 88 14 93 14 98 14 48 4 53 4 100 68 
27 98 192 12 197 12 202 12 207 12 212 12 217 12 222 12 227 12 169 13 174 13 38 109 
27 99 223 7 228 7 233 7 238 7 243 7 248 7 253 7 2 8 253 8 2 9 189 35 
27 100 228 14 233 14 238 14 243 14 248 14 253 14 2 15 7 15 226 7 231 7 88 216 
27 101 218 1 223 1 228 1 233 1 238 1 243 1 248 1 253 1 3 0 8 0 56 170 
27 102 14 15 19 15 24 15 29 15 34 15 39 15 44 15 49 15 18 7 23 7 197 74 
27 103 244 6 249 6 254 6 3 7 8 7 13 7 18 7 23 7 80 8 85 8 181 159 
27 104 12 13 17 13 22 13 27 13 32 13 37 13 42 13 47 13 193 4 198 4 134 85 
27 105 227 1 232 1 237 1 242 1 247 1 252 1 1 2 6 2 168 5 173 5 97 73 
27 106 252 0 1 1 6 1 11 1 16 1 21 1 26 1 31 1 215 1 220 1 30 24 
27 107 48 7 53 7 58 7 63 7 68 7 73 7 78 7 83 7 51 11 56 11 235 169 
27 108 212 13 217 13 222 13 227 13 232 13 237 13 242 13 247 13 141 9 146 9 231 132 
27 109 186 4 191 4 196 4 201 4 206 4 211 4 216 4 221 4 255 4 4 5 158 204 
27 110 155 11 160 11 165 11 170 11 175 11 180 11 185 11 190 11 73 4 78 4 73 48 
27 111 84 6 89 6 94 6 99 6 104 6 109 6 114 6 119 6 23 4 28 4 56 166 
27 112 206 14 211 14 216 14 221 14 226 14 231 14 236 14 241 14 188 9 193 9 63 194 
27 113 162 1 167 1 172 1 177 1 182 1 187 1 192 1 197 1 157 7 162 7 159 134 
27 114 156 3 161 3 166 3 171 3 176 3 181 3 186 3 191 3 124 3 129 3 180 233 
27 115 127 15 132 15 137 15 142 15 147 15 152 15 157 15 162 15 236 7 241 7 102 143 
27 116 42 13 47 13 52 13 57 13 62 13 67 13 72 13 77 13 137 15 142 15 171 89 
27 117 186 6 191 6 196 6 201 6 206 6 211 6 216 6 221 6 85 1 90 1 149 201 
27 118 240 11 245 11 250 11 255 11 4 12 9 12 14 12 19 12 108 2 113 2 53 108 
27 119 180 6 185 6 190 6 195 6 200 6 205 6 210 6 215 6 244 13 249 13 207 191 
27 120 186 3 191 3 196 3 201 3 206 3 211 3 216 3 221 3 163 10 168 10 57 196 
27 121 132 13 137 13 142 13 147 13 152 13 157 13 162 13 167 13 165 0 170 0 194 49 
27 122 136 0 141 0 146 0 151 0 156 0 161 0 166 0 171 0 78 2 83 2 18 2 
27 123 83 9 88 9 93 9 98 9 103 9 108 9 113 9 118 9 114 15 119 15 100 202 
27 124 238 3 243 3 248 3 253 3 2 4 7 4 12 4 17 4 234 1 239 1 241 12 
27 125 225 4 230 4 235 4 240 4 245 4 250 4 255 4 4 5 195 13 200 13 138 120 
27 126 85 6 90 6 95 6 100 6 105 6 110 6 115 6 120 6 223 2 228 2 156 226 
27 127 94 14 99 14 104 14 109 14 114 14 119 14 124 14 129 14 206 7 211 7 64 68 
27 128 249 13 254 13 3 14 8 14 13 14 18 14 23 14 28 14 224 1 229 1 237 14 
27 129 81 0 86 0 91 0 96 0 101 0 106 0 111 0 116 0 179 11 184 11 128 196 
27 130 169 14 174 14 179 14 184 14 189 14 194 14 199 14 204 14 193 1 198 1 54 10 
27 131 21 12 26 12 31 12 36 12 41 12 46 12 51 12 56 12 58 5 63 5 52 23 
27 132 137 7 142 7 147 7 152 7 157 7 162 7 167 7 172 7 96 13 101 13 223 210 
27 133 119 12 124 12 129 12 134 12 139 12 144 12 149 12 154 12 91 7 96 7 252 118 
27 134 115 6 120 6 125 6 130 6 135 6 140 6 145 6 150 6 246 10 251 10 104 126 
27 135 249 13 254 13 3 14 8 14 13 14 18 14 23 14 28 14 185 7 190 7 94 81 
27 136 82 7 87 7 92 7 97 7 102 7 107 7 112 7 117 7 193 13 198 13 169 217 
27 137 146 0 151 0 156 0 161 0 166 0 171 0 176 0 181 0 15 8 20 8 166 125 
27 138 133 11 138 11 143 11 148 11 153 11 158 11 163 11 168 11 13 9 18 9 240 42 
27 139 236 0 241 0 246 0 251 0 0 1 5 1 10 1 15 1 115 1 120 1 52 116 
27 140 162 0 167 0 172 0 177 0 182 0 187 0 192 0 197 0 83 2 88 2 233 234 
27 141 132 8 137 8 142 8 147 8 152 8 157 8 162 8 167 8 243 14 248 14 5 35 
27 142 209 9 214 9 219 9 224 9 229 9 234 9 239 9 244 9 57 4 62 4 83 168 
27 143 110 3 115 3 120 3 125 3 130 3 135 3 140 3 145 3 78 7 83 7 21 72 
27 144 141 9 146 9 151 9 156 9 161 9 166 9 171 9 176 9 170 0 175 0 140 229 
27 145 238 2 243 2 248 2 253 2 2 3 7 3 12 3 17 3 11 8 16 8 18 95 
27 146 166 8 171 8 176 8 181 8 186 8 191 8 196 8 201 8 154 3 159 3 232 147 
27 147 128 3 133 3 138 3 143 3 148 3 153 3 158 3 163 3 7 0 12 0 217 37 
27 148 226 14 231 14 236 14 241 14 246 14 251 14 0 15 5 15 1 5 6 5 91 147 
27 149 145 10 150 10 155 10 160 10 165 10 170 10 175 10 180 10 85 9 90 9 201 163 
27 150 23 13 28 13 33 13 38 13 43 13 48 13 53 13 58 13 15 12 20 12 238 211 
27 151 228 8 233 8 238 8 243 8 248 8 253 8 2 9 7 9 195 4 200 4 99 77 
27 152 82 14 87 14 92 14 97 14 102 14 107 14 112 14 117 14 50 1 55 1 140 243 
27 153 78 6 83 6 88 6 93 6 98 6 103 6 108 6 113 6 2 3 7 3 183 47 
27 154 20 13 25 13 30 13 35 13 40 13 45 13 50 13 55 13 233 0 238 0 151 246 
27 155 58 4 63 4 68 4 73 4 78 4 83 4 88 4 93 4 185 0 190 0 172 176 
27 156 240 2 245 2 250 2 255 2 4 3 9 3 14 3 19 3 223 13 228 13 211 16 
27 157 229 7 234 7 239 7 244 7 249 7 254 7 3 8 8 8 165 15 170 15 137 94 
27 158 14 9 19 9 24 9 29 9 34 9 39 9 44 9 49 9 187 3 192 3 156 244 
27 159 67 7 72 7 77 7 82 7 87 7 92 7 97 7 102 7 202 1 207 1 89 73 
27 160 106 11 111 11 116 11 121 11 126 11 131 11 136 11 141 11 151 9 156 9 113 73 
27 161 153 0 158 0 163 0 168 0 173 0 178 0 183 0 188 0 194 3 199 3 157 120 
27 162 86 15 91 15 96 15 101 15 106 15 111 15 116 15 121 15 114 4 119 4 75 11 
27 163 193 3 198 3 203 3 208 3 213 3 218 3 223 3 228 3 137 7 142 7 200 98 
27 164 180 6 185 6 190 6 195 6 200 6 205 6 210 6 215 6 89 9 94 9 196 40 
27 165 169 9 174 9 179 9 184 9 189 9 194 9 199 9 204 9 150 14 155 14 20 128 
27 166 157 4 162 4 167 4 172 4 177 4 182 4 187 4 192 4 197 0 202 0 149 5 
27 167 83 10 88 10 93 10 98 10 103 10 108 10 113 10 118 10 81 4 86 4 32 234 
27 168 189 7 194 7 199 7 204 7 209 7 214 7 219 7 224 7 64 8 69 8 216 46 
27 169 247 0 252 0 1 1 6 1 11 1 16 1 21 1 26 1 46 9 51 9 96 135 
27 170 116 1 121 1 126 1 131 1 136 1 141 1 146 1 151 1 122 5 127 5 164 140 
27 171 93 12 98 12 103 12 108 12 113 12 118 12 123 12 128 12 89 12 94 12 223 73 
27 172 182 4 187 4 192 4 197 4 202 4 207 4 212 4 217 4 246 7 251 7 118 166 
27 173 99 12 104 12 109 12 114 12 119 12 124 12 129 12 134 12 14 7 19 7 81 122 
27 174 204 11 209 11 214 11 219 11 224 11 229 11 234 11 239 11 172 12 177 12 229 253 
27 175 61 8 66 8 71 8 76 8 81 8 86 8 91 8 96 8 88 6 93 6 239 163 
27 176 81 6 86 6 91 6 96 6 101 6 106 6 111 6 116 6 175 15 180 15 51 114 
27 177 144 4 149 4 154 4 159 4 164 4 169 4 174 4 179 4 10 6 15 6 173 112 
27 178 118 0 123 0 128 0 133 0 138 0 143 0 148 0 153 0 100 15 105 15 154 55 
27 179 182 9 187 9 192 9 197 9 202 9 207 9 212 9 217 9 23 11 28 11 180 55 
27 180 223 8 228 8 233 8 238 8 243 8 248 8 253 8 2 9 215 13 220 13 130 220 
27 181 62 1 67 1 72 1 77 1 82 1 87 1 92 1 97 1 252 13 1 14 56 127 
27 182 131 1 136 1 141 1 146 1 151 1 156 1 161 1 166 1 150 4 155 4 236 227 
27 183 104 1 109 1 114 1 119 1 124 1 129 1 134 1 139 1 187 5 192 5 24 166 
27 184 80 12 85 12 90 12 95 12 100 12 105 12 110 12 115 12 105 6 110 6 68 103 
27 185 45 15 50 15 55 15 60 15 65 15 70 15 75 15 80 15 81 1 86 1 201 9 
27 186 165 2 170 2 175 2 180 2 185 2 190 2 195 2 200 2 150 1 155 1 118 207 
27 187 85 13 90 13 95 13 100 13 105 13 110 13 115 13 120 13 142 3 147 3 32 197 
27 188 246 7 251 7 0 8 5 8 10 8 15 8 20 8 25 8 170 3 175 3 215 29 
27 189 63 14 68 14 73 14 78 14 83 14 88 14 93 14 98 14 109 12 114 12 88 9 
27 190 171 11 176 11 181 11 186 11 191 11 196 11 201 11 206 11 21 10 26 10 93 57 
27 191 221 5 226 5 231 5 236 5 241 5 246 5 251 5 0 6 98 4 103 4 122 110 
27 192 193 10 198 10 203 10 208 10 213 10 218 10 223 10 228 10 118 6 123 6 39 225 
27 193 245 5 250 5 255 5 4 6 9 6 14 6 19 6 24 6 55 6 60 6 139 106 
27 194 104 3 109 3 114 3 119 3 124 3 129 3 134 3 139 3 176 15 181 15 86 28 
27 195 33 10 38 10 43 10 48 10 53 10 58 10 63 10 68 10 236 9 241 9 15 78 
27 196 131 5 136 5 141 5 146 5 151 5 156 5 161 5 166 5 163 5 168 5 58 191 
27 197 144 12 149 12 154 12 159 12 164 12 169 12 174 12 179 12 59 15 64 15 208 210 
27 198 203 13 208 13 213 13 218 13 223 13 228 13 233 13 238 13 151 2 156 2 64 8 
27 199 3 1 8 1 13 1 18 1 23 1 28 1 33 1 38 1 65 8 70 8 141 55 
27 200 109 1 114 1 119 1 124 1 129 1 134 1 139 1 144 1 110 14 115 14 70 60 
27 201 144 6 149 6 154 6 159 6 164 6 169 6 174 6 179 6 28 3 33 3 95 115 
27 202 71 0 76 0 81 0 86 0 91 0 96 0 101 0 106 0 12 1 17 1 44 231 
27 203 66 6 71 6 76 6 81 6 86 6 91 6 96 6 101 6 192 5 197 5 0 240 
27 204 47 13 52 13 57 13 62 13 67 13 72 13 77 13 82 13 88 4 93 4 190 32 
27 205 56 4 61 4 66 4 71 4 76 4 81 4 86 4 91 4 44 7 49 7 87 92 
27 206 204 9 209 9 214 9 219 9 224 9 229 9 234 9 239 9 108 7 113 7 240 91 
27 207 34 4 39 4 44 4 49 4 54 4 59 4 64 4 69 4 47 11 52 11 90 131 
27 208 218 1 223 1 228 1 233 1 238 1 243 1 248 1 253 1 233 0 238 0 227 210 
27 209 7 13 12 13 17 13 22 13 27 13 32 13 37 13 42 13 76 11 81 11 195 197 
27 210 139 11 144 11 149 11 154 11 159 11 164 11 169 11 174 11 216 0 221 0 61 128 
27 211 225 1 230 1 235 1 240 1 245 1 250 1 255 1 4 2 40 3 45 3 10 16 
27 212 225 0 230 0 235 0 240 0 245 0 250 0 255 0 4 1 241 3 246 3 82 31 
27 213 127 13 132 13 137 13 142 13 147 13 152 13 157 13 162 13 98 9 103 9 53 232 
27 214 21 0 26 0 31 0 36 0 41 0 46 0 51 0 56 0 26 6 31 6 32 68 
27 215 226 7 231 7 236 7 241 7 246 7 251 7 0 8 5 8 12 11 17 11 2 24 
27 216 114 6 119 6 124 6 129 6 134 6 139 6 144 6 149 6 252 3 1 4 20 9 
27 217 97 12 102 12 107 12 112 12 117 12 122 12 127 12 132 12 165 5 170 5 203 200 
27 218 187 7 192 7 197 7 202 7 207 7 212 7 217 7 222 7 165 14 170 14 35 56 
27 219 101 10 106 10 111 10 116 10 121 10 126 10 131 10 136 10 245 1 250 1 82 83 
27 220 33 0 38 0 43 0 48 0 53 0 58 0 63 0 68 0 71 13 76 13 177 157 
27 221 205 8 210 8 215 8 220 8 225 8 230 8 235 8 240 8 139 14 144 14 200 4 
27 222 206 2 211 2 216 2 221 2 226 2 231 2 236 2 241 2 224 15 229 15 208 89 
27 223 140 2 145 2 150 2 155 2 160 2 165 2 170 2 175 2 200 9 205 9 179 125 
27 224 189 11 194 11 199 11 204 11 209 11 214 11 219 11 224 11 85 2 90 2 64 67 
27 225 70 1 75 1 80 1 85 1 90 1 95 1 100 1 105 1 204 12 209 12 158 165 
27 226 95 14 100 14 105 14 110 14 115 14 120 14 125 14 130 14 212 13 217 13 203 230 
27 227 247 4 252 4 1 5 6 5 11 5 16 5 21 5 26 5 49 6 54 6 151 165 
27 228 183 0 188 0 193 0 198 0 203 0 208 0 213 0 218 0 67 12 72 12 240 133 
27 229 11 3 16 3 21 3 26 3 31 3 36 3 41 3 46 3 148 3 153 3 2 245 
27 230 159 13 164 13 169 13 174 13 179 13 184 13 189 13 194 13 96 10 101 10 218 48 
27 231 167 3 172 3 177 3 182 3 187 3 192 3 197 3 202 3 91 13 96 13 183 0 
27 232 194 3 199 3 204 3 209 3 214 3 219 3 224 3 229 3 45 10 50 10 36 235 
27 233 223 14 228 14 233 14 238 14 243 14 248 14 253 14 2 15 27 0 32 0 119 74 
27 234 159 2 164 2 169 2 174 2 179 2 184 2 189 2 194 2 177 5 182 5 248 230 
27 235 61 6 66 6 71 6 76 6 81 6 86 6 91 6 96 6 156 7 161 7 168 54 
27 236 44 13 49 13 54 13 59 13 64 13 69 13 74 13 79 13 127 1 132 1 118 194 
27 237 33 3 38 3 43 3 48 3 53 3 58 3 63 3 68 3 149 9 154 9 230 209 
27 238 17 14 22 14 27 14 32 14 37 14 42 14 47 14 52 14 193 14 198 14 232 232 
27 239 187 14 192 14 197 14 202 14 207 14 212 14 217 14 222 14 163 15 168 15 231 178 
27 240 137 14 142 14 147 14 152 14 157 14 162 14 167 14 172 14 237 13 242 13 81 240 
27 241 50 10 55 10 60 10 65 10 70 10 75 10 80 10 85 10 239 1 244 1 166 232 
27 242 228 14 233 14 238 14 243 14 248 14 253 14 2 15 7 15 9 2 14 2 65 150 
27 243 65 13 70 13 75 13 80 13 85 13 90 13 95 13 100 13 46 2 51 2 234 247 
27 244 72 6 77 6 82 6 87 6 92 6 97 6 102 6 107 6 128 1 133 1 252 67 
27 245 245 0 250 0 255 0 4 1 9 1 14 1 19 1 24 1 58 5 63 5 144 105 
27 246 11 13 16 13 21 13 26 13 31 13 36 13 41 13 46 13 144 10 149 10 124 33 
27 247 177 8 182 8 187 8 192 8 197 8 202 8 207 8 212 8 134 14 139 14 49 106 
27 248 26 9 31 9 36 9 41 9 46 9 51 9 56 9 61 9 79 4 84 4 173 194 
27 249 106 4 111 4 116 4 121 4 126 4 131 4 136 4 141 4 182 9 187 9 142 120 
27 250 245 10 250 10 255 10 4 11 9 11 14 11 19 11 24 11 180 1 185 1 140 89 
27 251 10 13 15 13 20 13 25 13 30 13 35 13 40 13 45 13 233 5 238 5 85 162 
27 252 209 0 214 0 219 0 224 0 229 0 234 0 239 0 244 0 156 4 161 4 19 123 
27 253 177 10 182 10 187 10 192 10 197 10 202 10 207 10 212 10 184 15 189 15 45 87 
27 254 245 8 250 8 255 8 4 9 9 9 14 9 19 9 24 9 15 15 20 15 104 126 
27 255 240 11 245 11 250 11 255 11 4 12 9 12 14 12 19 12 250 11 255 11 24 190 
27 0 126 1 131 1 136 1 141 1 146 1 151 1 156 1 161 1 57 7 62 7 111 87 
27 1 172 2 177 2 182 2 187 2 192 2 197 2 202 2 207 2 253 1 2 2 39 178 
27 2 155 2 160 2 165 2 170 2 175 2 180 2 185 2 190 2 158 8 163 8 155 148 
27 3 225 2 230 2 235 2 240 2 245 2 250 2 255 2 4 3 132 6 137 6 244 177 
27 4 177 10 182 10 187 10 192 10 197 10 202 10 207 10 212 10 29 7 34 7 156 100 
27 5 60 0 65 0 70 0 75 0 80 0 85 0 90 0 95 0 171 5 176 5 123 117 
27 6 88 8 93 8 98 8 103 8 108 8 113 8 118 8 123 8 234 1 239 1 85 42 
27 7 160 4 165 4 170 4 175 4 180 4 185 4 190 4 195 4 206 13 211 13 49 15 
27 8 220 1 225 1 230 1 235 1 240 1 245 1 250 1 255 1 131 5 136 5 36 169 
27 9 34 1 39 1 44 1 49 1 54 1 59 1 64 1 69 1 220 9 225 9 122 21 
27 10 189 0 194 0 199 0 204 0 209 0 214 0 219 0 224 0 189 13 194 13 125 179 
27 11 77 11 82 11 87 11 92 11 97 11 102 11 107 11 112 11 237 11 242 11 233 226 
27 12 111 7 116 7 121 7 126 7 131 7 136 7 141 7 146 7 161 9 166 9 206 119 
27 13 159 6 164 6 169 6 174 6 179 6 184 6 189 6 194 6 1 8 6 8 83 228 
27 14 59 4 64 4 69 4 74 4 79 4 84 4 89 4 94 4 117 12 122 12 190 81 
27 15 201 7 206 7 211 7 216 7 221 7 226 7 231 7 236 7 228 13 233 13 167 123 
27 16 60 3 65 3 70 3 75 3 80 3 85 3 90 3 95 3 55 1 60 1 174 53 
27 17 51 15 56 15 61 15 66 15 71 15 76 15 81 15 86 15 255 3 4 4 168 99 
27 18 195 8 200 8 205 8 210 8 215 8 220 8 225 8 230 8 187 12 192 12 152 37 
27 19 246 1 251 1 0 2 5 2 10 2 15 2 20 2 25 2 89 2 94 2 232 186 
27 20 51 15 56 15 61 15 66 15 71 15 76 15 81 15 86 15 97 0 102 0 53 180 
27 21 0 11 5 11 10 11 15 11 20 11 25 11 30 11 35 11 244 11 249 11 157 10 
27 22 102 4 107 4 112 4 117 4 122 4 127 4 132 4 137 4 234 11 239 11 242 162 
27 23 212 8 217 8 222 8 227 8 232 8 237 8 242 8 247 8 89 10 94 10 185 104 
27 24 103 10 108 10 113 10 118 10 123 10 128 10 133 10 138 10 16 1 21 1 65 126 
27 25 104 1 109 1 114 1 119 1 124 1 129 1 134 1 139 1 156 7 161 7 228 161 
27 26 245 0 250 0 255 0 4 1 9 1 14 1 19 1 24 1 7 5 12 5 40 92 
27 27 165 4 170 4 175 4 180 4 185 4 190 4 195 4 200 4 58 9 63 9 58 127 
27 28 198 9 203 9 208 9 213 9 218 9 223 9 228 9 233 9 219 3 224 3 174 33 
27 29 202 4 207 4 212 4 217 4 222 4 227 4 232 4 237 4 13 10 18 10 213 141 
27 30 34 6 39 6 44 6 49 6 54 6 59 6 64 6 69 6 200 1 205 1 23 212 
27 31 200 1 205 1 210 1 215 1 220 1 225 1 230 1 235 1 201 4 206 4 56 127 
27 32 3 11 8 11 13 11 18 11 23 11 28 11 33 11 38 11 45 15 50 15 101 136 
27 33 167 13 172 13 177 13 182 13 187 13 192 13 197 13 202 13 114 15 119 15 246 28 
27 34 60 13 65 13 70 13 75 13 80 13 85 13 90 13 95 13 251 9 0 10 55 79 
27 35 224 8 229 8 234 8 239 8 244 8 249 8 254 8 3 9 227 4 232 4 58 188 
27 36 239 6 244 6 249 6 254 6 3 7 8 7 13 7 18 7 102 0 107 0 109 195 
27 37 162 7 167 7 172 7 177 7 182 7 187 7 192 7 197 7 58 15 63 15 15 217 
27 38 53 5 58 5 63 5 68 5 73 5 78 5 83 5 88 5 125 3 130 3 35 158 
27 39 238 2 243 2 248 2 253 2 2 3 7 3 12 3 17 3 105 3 110 3 12 46 
27 40 27 14 32 14 37 14 42 14 47 14 52 14 57 14 62 14 70 10 75 10 248 221 
27 41 186 12 191 12 196 12 201 12 206 12 211 12 216 12 221 12 127 10 132 10 57 223 
27 42 223 1 228 1 233 1 238 1 243 1 248 1 253 1 2 2 250 2 255 2 43 120 
27 43 210 7 215 7 220 7 225 7 230 7 235 7 240 7 245 7 226 12 231 12 87 65 
27 44 87 8 92 8 97 8 102 8 107 8 112 8 117 8 122 8 112 6 117 6 121 167 
27 45 146 8 151 8 156 8 161 8 166 8 171 8 176 8 181 8 177 12 182 12 238 33 
27 46 42 0 47 0 52 0 57 0 62 0 67 0 72 0 77 0 167 10 172 10 226 62 
27 47 141 13 146 13 151 13 156 13 161 13 166 13 171 13 176 13 235 15 240 15 45 38 
27 48 148 11 153 11 158 11 163 11 168 11 173 11 178 11 183 11 146 4 151 4 171 140 
27 49 73 0 78 0 83 0 88 0 93 0 98 0 103 0 108 0 148 11 153 11 27 63 
27 50 102 0 107 0 112 0 117 0 122 0 127 0 132 0 137 0 73 11 78 11 54 214 
27 51 224 13 229 13 234 13 239 13 244 13 249 13 254 13 3 14 116 13 121 13 24 160 
27 52 196 8 201 8 206 8 211 8 216 8 221 8 226 8 231 8 104 10 109 10 44 93 
27 53 65 0 70 0 75 0 80 0 85 0 90 0 95 0 100 0 31 7 36 7 172 213 
27 54 166 9 171 9 176 9 181 9 186 9 191 9 196 9 201 9 77 4 82 4 117 116 
27 55 77 7 82 7 87 7 92 7 97 7 102 7 107 7 112 7 80 8 85 8 43 218 
27 56 24 13 29 13 34 13 39 13 44 13 49 13 54 13 59 13 115 4 120 4 3 38 
27 57 218 9 223 9 228 9 233 9 238 9 243 9 248 9 253 9 154 9 159 9 33 79 
27 58 58 7 63 7 68 7 73 7 78 7 83 7 88 7 93 7 150 2 155 2 100 236 
27 59 212 5 217 5 222 5 227 5 232 5 237 5 242 5 247 5 25 6 30 6 20 177 
27 60 32 14 37 14 42 14 47 14 52 14 57 14 62 14 67 14 222 4 227 4 53 120 
27 61 55 10 60 10 65 10 70 10 75 10 80 10 85 10 90 10 106 7 111 7 23 49 
27 62 51 14 56 14 61 14 66 14 71 14 76 14 81 14 86 14 241 1 246 1 78 132 
27 63 86 11 91 11 96 11 101 11 106 11 111 11 116 11 121 11 138 14 143 14 40 135 
27 64 206 11 211 11 216 11 221 11 226 11 231 11 236 11 241 11 69 4 74 4 86 191 
27 65 120 3 125 3 130 3 135 3 140 3 145 3 150 3 155 3 77 15 82 15 97 107 
27 66 162 6 167 6 172 6 177 6 182 6 187 6 192 6 197 6 15 12 20 12 19 65 
27 67 85 9 90 9 95 9 100 9 105 9 110 9 115 9 120 9 26 11 31 11 119 16 
27 68 211 7 216 7 221 7 226 7 231 7 236 7 241 7 246 7 244 1 249 1 23 16 
27 69 29 10 34 10 39 10 44 10 49 10 54 10 59 10 64 10 142 10 147 10 15 47 
27 70 24 15 29 15 34 15 39 15 44 15 49 15 54 15 59 15 13 9 18 9 55 183 
27 71 145 6 150 6 155 6 160 6 165 6 170 6 175 6 180 6 82 8 87 8 90 167 
27 72 255 11 4 12 9 12 14 12 19 12 24 12 29 12 34 12 184 2 189 2 84 243 
27 73 72 3 77 3 82 3 87 3 92 3 97 3 102 3 107 3 21 12 26 12 7 178 
27 74 70 10 75 10 80 10 85 10 90 10 95 10 100 10 105 10 74 15 79 15 243 222 
27 75 203 0 208 0 213 0 218 0 223 0 228 0 233 0 238 0 77 4 82 4 130 27 
27 76 3 9 8 9 13 9 18 9 23 9 28 9 33 9 38 9 35 2 40 2 41 63 
27 77 122 3 127 3 132 3 137 3 142 3 147 3 152 3 157 3 101 1 106 1 10 143 
27 78 30 6 35 6 40 6 45 6 50 6 55 6 60 6 65 6 25 3 30 3 201 219 
27 79 197 8 202 8 207 8 212 8 217 8 222 8 227 8 232 8 186 15 191 15 11 125 
27 80 17 14 22 14 27 14 32 14 37 14 42 14 47 14 52 14 224 1 229 1 124 222 
27 81 211 12 216 12 221 12 226 12 231 12 236 12 241 12 246 12 108 2 113 2 208 6 
27 82 175 0 180 0 185 0 190 0 195 0 200 0 205 0 210 0 159 7 164 7 12 211 
27 83 31 1 36 1 41 1 46 1 51 1 56 1 61 1 66 1 131 13 136 13 9 244 
27 84 90 8 95 8 100 8 105 8 110 8 115 8 120 8 125 8 216 9 221 9 20 166 
27 85 118 0 123 0 128 0 133 0 138 0 143 0 148 0 153 0 205 0 210 0 145 213 
27 86 203 1 208 1 213 1 218 1 223 1 228 1 233 1 238 1 114 13 119 13 118 190 
27 87 26 12 31 12 36 12 41 12 46 12 51 12 56 12 61 12 153 2 158 2 26 14 
27 88 239 13 244 13 249 13 254 13 3 14 8 14 13 14 18 14 85 8 90 8 36 36 
27 89 162 14 167 14 172 14 177 14 182 14 187 14 192 14 197 14 54 9 59 9 20 138 
27 90 196 5 201 5 206 5 211 5 216 5 221 5 226 5 231 5 81 4 86 4 182 51 
27 91 248 2 253 2 2 3 7 3 12 3 17 3 22 3 27 3 126 6 131 6 243 133 
27 92 255 0 4 1 9 1 14 1 19 1 24 1 29 1 34 1 179 1 184 1 216 106 
27 93 218 11 223 11 228 11 233 11 238 11 243 11 248 11 253 11 233 1 238 1 193 203 
27 94 201 12 206 12 211 12 216 12 221 12 226 12 231 12 236 12 128 9 133 9 128 183 
27 95 89 8 94 8 99 8 104 8 109 8 114 8 119 8 124 8 231 2 236 2 120 161 
27 96 158 6 163 6 168 6 173 6 178 6 183 6 188 6 193 6 128 0 133 0 242 103 
27 97 221 3 226 3 231 3 236 3 241 3 246 3 251 3 0 4 162 11 167 11 54 172 
27 98 77 12 82 12 87 12 92 12 97 12 102 12 107 12 112 12 253 8 2 9 159 20 
27 99 62 6 67 6 72 6 77 6 82 6 87 6 92 6 97 6 141 3 146 3 191 119 
27 100 123 0 128 0 133 0 138 0 143 0 148 0 153 0 158 0 163 5 168 5 201 49 
27 101 45 11 50 11 55 11 60 11 65 11 70 11 75 11 80 11 88 1 93 1 205 252 
27 102 0 11 5 11 10 11 15 11 20 11 25 11 30 11 35 11 141 12 146 12 129 31 
27 103 137 11 142 11 147 11 152 11 157 11 162 11 167 11 172 11 142 6 147 6 173 69 
27 104 232 10 237 10 242 10 247 10 252 10 1 11 6 11 11 11 169 8 174 8 103 84 
27 105 138 7 143 7 148 7 153 7 158 7 163 7 168 7 173 7 133 8 138 8 179 25 
27 106 147 5 152 5 157 5 162 5 167 5 172 5 177 5 182 5 221 12 226 12 74 144 
27 107 218 1 223 1 228 1 233 1 238 1 243 1 248 1 253 1 33 12 38 12 251 58 
27 108 53 6 58 6 63 6 68 6 73 6 78 6 83 6 88 6 142 6 147 6 14 39 
27 109 119 13 124 13 129 13 134 13 139 13 144 13 149 13 154 13 40 0 45 0 248 184 
27 110 183 7 188 7 193 7 198 7 203 7 208 7 213 7 218 7 26 0 31 0 99 208 
27 111 18 8 23 8 28 8 33 8 38 8 43 8 48 8 53 8 80 7 85 7 210 75 
27 112 116 10 121 10 126 10 131 10 136 10 141 10 146 10 151 10 87 3 92 3 81 151 
27 113 115 6 120 6 125 6 130 6 135 6 140 6 145 6 150 6 147 2 152 2 27 193 
27 114 61 4 66 4 71 4 76 4 81 4 86 4 91 4 96 4 124 11 129 11 140 71 
27 115 243 2 248 2 253 2 2 3 7 3 12 3 17 3 22 3 129 12 134 12 78 2 
27 116 21 1 26 1 31 1 36 1 41 1 46 1 51 1 56 1 184 8 189 8 159 250 
27 117 32 15 37 15 42 15 47 15 52 15 57 15 62 15 67 15 64 3 69 3 30 148 
27 118 86 10 91 10 96 10 101 10 106 10 111 10 116 10 121 10 183 1 188 1 103 173 
27 119 157 3 162 3 167 3 172 3 177 3 182 3 187 3 192 3 47 3 52 3 150 200 
27 120 10 3 15 3 20 3 25 3 30 3 35 3 40 3 45 3 195 6 200 6 85 225 
27 121 159 3 164 3 169 3 174 3 179 3 184 3 189 3 194 3 233 0 238 0 144 221 
27 122 115 10 120 10 125 10 130 10 135 10 140 10 145 10 150 10 42 4 47 4 14 91 
27 123 177 10 182 10 187 10 192 10 197 10 202 10 207 10 212 10 106 4 111 4 109 195 
27 124 100 1 105 1 110 1 115 1 120 1 125 1 130 1 135 1 47 4 52 4 205 225 
27 125 145 0 150 0 155 0 160 0 165 0 170 0 175 0 180 0 154 3 159 3 40 103 
27 126 37 6 42 6 47 6 52 6 57 6 62 6 67 6 72 6 110 2 115 2 32 153 
27 127 113 7 118 7 123 7 128 7 133 7 138 7 143 7 148 7 0 12 5 12 187 22 
27 128 211 13 216 13 221 13 226 13 231 13 236 13 241 13 246 13 179 13 184 13 236 233 
27 129 183 8 188 8 193 8 198 8 203 8 208 8 213 8 218 8 81 14 86 14 74 103 
27 130 61 3 66 3 71 3 76 3 81 3 86 3 91 3 96 3 85 10 90 10 79 114 
27 131 61 14 66 14 71 14 76 14 81 14 86 14 91 14 96 14 210 7 215 7 165 187 
27 132 72 0 77 0 82 0 87 0 92 0 97 0 102 0 107 0 223 5 228 5 185 18 
27 133 81 11 86 11 91 11 96 11 101 11 106 11 111 11 116 11 214 13 219 13 28 78 
27 134 205 12 210 12 215 12 220 12 225 12 230 12 235 12 240 12 243 7 248 7 244 126 
27 135 54 4 59 4 64 4 69 4 74 4 79 4 84 4 89 4 230 7 235 7 24 81 
27 136 150 13 155 13 160 13 165 13 170 13 175 13 180 13 185 13 43 6 48 6 228 106 
27 137 98 13 103 13 108 13 113 13 118 13 123 13 128 13 133 13 179 9 184 9 147 155 
27 138 164 10 169 10 174 10 179 10 184 10 189 10 194 10 199 10 161 5 166 5 160 56 
27 139 94 3 99 3 104 3 109 3 114 3 119 3 124 3 129 3 148 14 153 14 88 105 
27 140 172 2 177 2 182 2 187 2 192 2 197 2 202 2 207 2 238 13 243 13 92 72 
27 141 201 7 206 7 211 7 216 7 221 7 226 7 231 7 236 7 66 3 71 3 139 169 
27 142 53 3 58 3 63 3 68 3 73 3 78 3 83 3 88 3 152 11 157 11 163 73 
27 143 117 10 122 10 127 10 132 10 137 10 142 10 147 10 152 10 119 0 124 0 22 91 
27 144 123 3 128 3 133 3 138 3 143 3 148 3 153 3 158 3 212 2 217 2 93 30 
27 145 72 0 77 0 82 0 87 0 92 0 97 0 102 0 107 0 33 6 38 6 76 125 
27 146 79 6 84 6 89 6 94 6 99 6 104 6 109 6 114 6 10 1 15 1 167 219 
27 147 188 2 193 2 198 2 203 2 208 2 213 2 218 2 223 2 158 4 163 4 248 16 
27 148 245 14 250 14 255 14 4 15 9 15 14 15 19 15 24 15 178 0 183 0 127 68 
27 149 224 0 229 0 234 0 239 0 244 0 249 0 254 0 3 1 96 8 101 8 34 28 
27 150 69 11 74 11 79 11 84 11 89 11 94 11 99 11 104 11 208 10 213 10 185 232 
27 151 117 2 122 2 127 2 132 2 137 2 142 2 147 2 152 2 226 3 231 3 179 88 
27 152 107 11 112 11 117 11 122 11 127 11 132 11 137 11 142 11 241 9 246 9 75 74 
27 153 145 8 150 8 155 8 160 8 165 8 170 8 175 8 180 8 95 10 100 10 232 210 
27 154 231 6 236 6 241 6 246 6 251 6 0 7 5 7 10 7 65 12 70 12 222 14 
27 155 192 2 197 2 202 2 207 2 212 2 217 2 222 2 227 2 216 9 221 9 144 181 
27 156 109 2 114 2 119 2 124 2 129 2 134 2 139 2 144 2 189 6 194 6 194 200 
27 157 30 2 35 2 40 2 45 2 50 2 55 2 60 2 65 2 102 6 107 6 156 143 
27 158 37 14 42 14 47 14 52 14 57 14 62 14 67 14 72 14 2 7 7 7 157 211 
27 159 254 0 3 1 8 1 13 1 18 1 23 1 28 1 33 1 15 4 20 4 3 177 
27 160 237 1 242 1 247 1 252 1 1 2 6 2 11 2 16 2 248 5 253 5 246 177 
27 161 134 9 139 9 144 9 149 9 154 9 159 9 164 9 169 9 74 1 79 1 109 38 
27 162 242 8 247 8 252 8 1 9 6 9 11 9 16 9 21 9 154 10 159 10 19 6 
27 163 16 7 21 7 26 7 31 7 36 7 41 7 46 7 51 7 30 2 35 2 58 39 
27 164 251 6 0 7 5 7 10 7 15 7 20 7 25 7 30 7 77 12 82 12 24 30 
27 165 11 11 16 11 21 11 26 11 31 11 36 11 41 11 46 11 250 9 255 9 203 46 
27 166 30 3 35 3 40 3 45 3 50 3 55 3 60 3 65 3 92 5 97 5 132 1 
27 167 56 8 61 8 66 8 71 8 76 8 81 8 86 8 91 8 140 6 145 6 171 149 
27 168 41 7 46 7 51 7 56 7 61 7 66 7 71 7 76 7 68 5 73 5 126 158 
27 169 174 2 179 2 184 2 189 2 194 2 199 2 204 2 209 2 230 9 235 9 120 197 
27 170 26 11 31 11 36 11 41 11 46 11 51 11 56 11 61 11 132 3 137 3 231 0 
27 171 87 1 92 1 97 1 102 1 107 1 112 1 117 1 122 1 118 5 123 5 167 113 
27 172 39 4 44 4 49 4 54 4 59 4 64 4 69 4 74 4 245 1 250 1 69 15 
27 173 144 2 149 2 154 2 159 2 164 2 169 2 174 2 179 2 107 4 112 4 22 106 
27 174 119 15 124 15 129 15 134 15 139 15 144 15 149 15 154 15 141 15 146 15 123 110 
27 175 76 8 81 8 86 8 91 8 96 8 101 8 106 8 111 8 137 5 142 5 102 244 
27 176 135 11 140 11 145 11 150 11 155 11 160 11 165 11 170 11 91 10 96 10 209 223 
27 177 113 13 118 13 123 13 128 13 133 13 138 13 143 13 148 13 254 6 3 7 183 67 
27 178 39 11 44 11 49 11 54 11 59 11 64 11 69 11 74 11 98 2 103 2 208 57 
27 179 122 5 127 5 132 5 137 5 142 5 147 5 152 5 157 5 206 15 211 15 28 233 
27 180 218 8 223 8 228 8 233 8 238 8 243 8 248 8 253 8 39 12 44 12 230 108 
27 181 20 2 25 2 30 2 35 2 40 2 45 2 50 2 55 2 21 10 26 10 114 118 
27 182 217 2 222 2 227 2 232 2 237 2 242 2 247 2 252 2 235 2 240 2 97 156 
27 183 161 7 166 7 171 7 176 7 181 7 186 7 191 7 196 7 12 15 17 15 130 4 
27 184 144 13 149 13 154 13 159 13 164 13 169 13 174 13 179 13 141 11 146 11 54 70 
27 185 184 1 189 1 194 1 199 1 204 1 209 1 214 1 219 1 183 15 188 15 237 244 
27 186 95 2 100 2 105 2 110 2 115 2 120 2 125 2 130 2 142 6 147 6 25 116 
27 187 99 12 104 12 109 12 114 12 119 12 124 12 129 12 134 12 204 0 209 0 112 39 
27 188 219 9 224 9 229 9 234 9 239 9 244 9 249 9 254 9 11 3 16 3 234 136 
27 189 95 7 100 7 105 7 110 7 115 7 120 7 125 7 130 7 102 4 107 4 112 75 
27 190 203 6 208 6 213 6 218 6 223 6 228 6 233 6 238 6 216 0 221 0 107 143 
27 191 160 0 165 0 170 0 175 0 180 0 185 0 190 0 195 0 169 4 174 4 225 61 
27 192 235 4 240 4 245 4 250 4 255 4 4 5 9 5 14 5 78 3 83 3 67 39 
27 193 42 0 47 0 52 0 57 0 62 0 67 0 72 0 77 0 193 14 198 14 115 116 
27 194 108 5 113 5 118 5 123 5 128 5 133 5 138 5 143 5 144 3 149 3 94 121 
27 195 249 14 254 14 3 15 8 15 13 15 18 15 23 15 28 15 148 12 153 12 144 131 
27 196 178 10 183 10 188 10 193 10 198 10 203 10 208 10 213 10 49 3 54 3 21 188 
27 197 58 1 63 1 68 1 73 1 78 1 83 1 88 1 93 1 210 15 215 15 48 37 
27 198 213 1 218 1 223 1 228 1 233 1 238 1 243 1 248 1 182 14 187 14 32 207 
27 199 239 3 244 3 249 3 254 3 3 4 8 4 13 4 18 4 121 12 126 12 250 92 
27 200 1 7 6 7 11 7 16 7 21 7 26 7 31 7 36 7 0 0 5 0 102 93 
27 201 48 13 53 13 58 13 63 13 68 13 73 13 78 13 83 13 6 3 11 3 51 32 
27 202 54 5 59 5 64 5 69 5 74 5 79 5 84 5 89 5 170 0 175 0 146 17 
27 203 196 3 201 3 206 3 211 3 216 3 221 3 226 3 231 3 234 10 239 10 251 158 
27 204 104 10 109 10 114 10 119 10 124 10 129 10 134 10 139 10 253 12 2 13 250 227 
27 205 76 4 81 4 86 4 91 4 96 4 101 4 106 4 111 4 133 13 138 13 231 4 
27 206 127 11 132 11 137 11 142 11 147 11 152 11 157 11 162 11 237 5 242 5 219 106 
27 207 57 13 62 13 67 13 72 13 77 13 82 13 87 13 92 13 92 0 97 0 214 99 
27 208 25 6 30 6 35 6 40 6 45 6 50 6 55 6 60 6 255 3 4 4 224 196 
27 209 48 15 53 15 58 15 63 15 68 15 73 15 78 15 83 15 108 15 113 15 172 155 
27 210 99 4 104 4 109 4 114 4 119 4 124 4 129 4 134 4 70 9 75 9 249 11 
27 211 45 7 50 7 55 7 60 7 65 7 70 7 75 7 80 7 189 7 194 7 73 91 
27 212 36 1 41 1 46 1 51 1 56 1 61 1 66 1 71 1 207 4 212 4 7 93 
27 213 157 9 162 9 167 9 172 9 177 9 182 9 187 9 192 9 119 2 124 2 96 45 
27 214 242 1 247 1 252 1 1 2 6 2 11 2 16 2 21 2 241 3 246 3 206 240 
27 215 131 8 136 8 141 8 146 8 151 8 156 8 161 8 166 8 83 14 88 14 22 24 
27 216 59 6 64 6 69 6 74 6 79 6 84 6 89 6 94 6 161 5 166 5 71 192 
27 217 212 11 217 11 222 11 227 11 232 11 237 11 242 11 247 11 7 11 12 11 114 203 
27 218 189 7 194 7 199 7 204 7 209 7 214 7 219 7 224 7 251 12 0 13 49 186 
